IMPROPER 25334 25345 25337 25339 $FC -120.0
DIHEDRAL 25369 25372 25374 25376 $FC  0.0
IMPROPER 25468 25479 25471 25473 $FC -120.0
DIHEDRAL 25503 25506 25508 25510 $FC  0.0
IMPROPER 25602 25613 25605 25607 $FC -120.0
DIHEDRAL 25637 25640 25642 25644 $FC  0.0
IMPROPER 25736 25747 25739 25741 $FC -120.0
DIHEDRAL 25771 25774 25776 25778 $FC  0.0
IMPROPER 25870 25881 25873 25875 $FC -120.0
DIHEDRAL 25905 25908 25910 25912 $FC  0.0
IMPROPER 26004 26015 26007 26009 $FC -120.0
DIHEDRAL 26039 26042 26044 26046 $FC  0.0
IMPROPER 26138 26149 26141 26143 $FC -120.0
DIHEDRAL 26173 26176 26178 26180 $FC  0.0
IMPROPER 26272 26283 26275 26277 $FC -120.0
DIHEDRAL 26307 26310 26312 26314 $FC  0.0
IMPROPER 26406 26417 26409 26411 $FC -120.0
DIHEDRAL 26441 26444 26446 26448 $FC  0.0
IMPROPER 26540 26551 26543 26545 $FC -120.0
DIHEDRAL 26575 26578 26580 26582 $FC  0.0
IMPROPER 26674 26685 26677 26679 $FC -120.0
DIHEDRAL 26709 26712 26714 26716 $FC  0.0
IMPROPER 26808 26819 26811 26813 $FC -120.0
DIHEDRAL 26843 26846 26848 26850 $FC  0.0
IMPROPER 26942 26953 26945 26947 $FC -120.0
DIHEDRAL 26977 26980 26982 26984 $FC  0.0
IMPROPER 27076 27087 27079 27081 $FC -120.0
DIHEDRAL 27111 27114 27116 27118 $FC  0.0
IMPROPER 27210 27221 27213 27215 $FC -120.0
DIHEDRAL 27245 27248 27250 27252 $FC  0.0
IMPROPER 27344 27355 27347 27349 $FC -120.0
DIHEDRAL 27379 27382 27384 27386 $FC  0.0
IMPROPER 27478 27489 27481 27483 $FC -120.0
DIHEDRAL 27513 27516 27518 27520 $FC  0.0
IMPROPER 27612 27623 27615 27617 $FC -120.0
DIHEDRAL 27647 27650 27652 27654 $FC  0.0
IMPROPER 27746 27757 27749 27751 $FC -120.0
DIHEDRAL 27781 27784 27786 27788 $FC  0.0
IMPROPER 27880 27891 27883 27885 $FC -120.0
DIHEDRAL 27915 27918 27920 27922 $FC  0.0
IMPROPER 28014 28025 28017 28019 $FC -120.0
DIHEDRAL 28049 28052 28054 28056 $FC  0.0
IMPROPER 28148 28159 28151 28153 $FC -120.0
DIHEDRAL 28183 28186 28188 28190 $FC  0.0
IMPROPER 28282 28293 28285 28287 $FC -120.0
DIHEDRAL 28317 28320 28322 28324 $FC  0.0
IMPROPER 28416 28427 28419 28421 $FC -120.0
DIHEDRAL 28451 28454 28456 28458 $FC  0.0
IMPROPER 28550 28561 28553 28555 $FC -120.0
DIHEDRAL 28585 28588 28590 28592 $FC  0.0
IMPROPER 28684 28695 28687 28689 $FC -120.0
DIHEDRAL 28719 28722 28724 28726 $FC  0.0
IMPROPER 28818 28829 28821 28823 $FC -120.0
DIHEDRAL 28853 28856 28858 28860 $FC  0.0
IMPROPER 28952 28963 28955 28957 $FC -120.0
DIHEDRAL 28987 28990 28992 28994 $FC  0.0
IMPROPER 29086 29097 29089 29091 $FC -120.0
DIHEDRAL 29121 29124 29126 29128 $FC  0.0
IMPROPER 29220 29231 29223 29225 $FC -120.0
DIHEDRAL 29255 29258 29260 29262 $FC  0.0
IMPROPER 29354 29365 29357 29359 $FC -120.0
DIHEDRAL 29389 29392 29394 29396 $FC  0.0
IMPROPER 29488 29499 29491 29493 $FC -120.0
DIHEDRAL 29523 29526 29528 29530 $FC  0.0
IMPROPER 29622 29633 29625 29627 $FC -120.0
DIHEDRAL 29657 29660 29662 29664 $FC  0.0
IMPROPER 29756 29767 29759 29761 $FC -120.0
DIHEDRAL 29791 29794 29796 29798 $FC  0.0
IMPROPER 29890 29901 29893 29895 $FC -120.0
DIHEDRAL 29925 29928 29930 29932 $FC  0.0
IMPROPER 30024 30035 30027 30029 $FC -120.0
DIHEDRAL 30059 30062 30064 30066 $FC  0.0
IMPROPER 30158 30169 30161 30163 $FC -120.0
DIHEDRAL 30193 30196 30198 30200 $FC  0.0
IMPROPER 30292 30303 30295 30297 $FC -120.0
DIHEDRAL 30327 30330 30332 30334 $FC  0.0
IMPROPER 30426 30437 30429 30431 $FC -120.0
DIHEDRAL 30461 30464 30466 30468 $FC  0.0
IMPROPER 30560 30571 30563 30565 $FC -120.0
DIHEDRAL 30595 30598 30600 30602 $FC  0.0
IMPROPER 30694 30705 30697 30699 $FC -120.0
DIHEDRAL 30729 30732 30734 30736 $FC  0.0
IMPROPER 30828 30839 30831 30833 $FC -120.0
DIHEDRAL 30863 30866 30868 30870 $FC  0.0
IMPROPER 30962 30973 30965 30967 $FC -120.0
DIHEDRAL 30997 31000 31002 31004 $FC  0.0
IMPROPER 31096 31107 31099 31101 $FC -120.0
DIHEDRAL 31131 31134 31136 31138 $FC  0.0
IMPROPER 31230 31241 31233 31235 $FC -120.0
DIHEDRAL 31265 31268 31270 31272 $FC  0.0
IMPROPER 31364 31375 31367 31369 $FC -120.0
DIHEDRAL 31399 31402 31404 31406 $FC  0.0
IMPROPER 31498 31509 31501 31503 $FC -120.0
DIHEDRAL 31533 31536 31538 31540 $FC  0.0
IMPROPER 31632 31643 31635 31637 $FC -120.0
DIHEDRAL 31667 31670 31672 31674 $FC  0.0
IMPROPER 31766 31777 31769 31771 $FC -120.0
DIHEDRAL 31801 31804 31806 31808 $FC  0.0
IMPROPER 31900 31911 31903 31905 $FC -120.0
DIHEDRAL 31935 31938 31940 31942 $FC  0.0
IMPROPER 32034 32045 32037 32039 $FC -120.0
DIHEDRAL 32069 32072 32074 32076 $FC  0.0
IMPROPER 32168 32179 32171 32173 $FC -120.0
DIHEDRAL 32203 32206 32208 32210 $FC  0.0
IMPROPER 32302 32313 32305 32307 $FC -120.0
DIHEDRAL 32337 32340 32342 32344 $FC  0.0
IMPROPER 32436 32447 32439 32441 $FC -120.0
DIHEDRAL 32471 32474 32476 32478 $FC  0.0
IMPROPER 32570 32581 32573 32575 $FC -120.0
DIHEDRAL 32605 32608 32610 32612 $FC  0.0
IMPROPER 32704 32715 32707 32709 $FC -120.0
DIHEDRAL 32739 32742 32744 32746 $FC  0.0
IMPROPER 32838 32849 32841 32843 $FC -120.0
DIHEDRAL 32873 32876 32878 32880 $FC  0.0
IMPROPER 32972 32983 32975 32977 $FC -120.0
DIHEDRAL 33007 33010 33012 33014 $FC  0.0
IMPROPER 33106 33117 33109 33111 $FC -120.0
DIHEDRAL 33141 33144 33146 33148 $FC  0.0
IMPROPER 33240 33251 33243 33245 $FC -120.0
DIHEDRAL 33275 33278 33280 33282 $FC  0.0
IMPROPER 33374 33385 33377 33379 $FC -120.0
DIHEDRAL 33409 33412 33414 33416 $FC  0.0
IMPROPER 33508 33519 33511 33513 $FC -120.0
DIHEDRAL 33543 33546 33548 33550 $FC  0.0
IMPROPER 33642 33653 33645 33647 $FC -120.0
DIHEDRAL 33677 33680 33682 33684 $FC  0.0
IMPROPER 33776 33787 33779 33781 $FC -120.0
DIHEDRAL 33811 33814 33816 33818 $FC  0.0
IMPROPER 33910 33921 33913 33915 $FC -120.0
DIHEDRAL 33945 33948 33950 33952 $FC  0.0
IMPROPER 34044 34055 34047 34049 $FC -120.0
DIHEDRAL 34079 34082 34084 34086 $FC  0.0
IMPROPER 34178 34189 34181 34183 $FC -120.0
DIHEDRAL 34213 34216 34218 34220 $FC  0.0
IMPROPER 34312 34323 34315 34317 $FC -120.0
DIHEDRAL 34347 34350 34352 34354 $FC  0.0
IMPROPER 34446 34457 34449 34451 $FC -120.0
DIHEDRAL 34481 34484 34486 34488 $FC  0.0
IMPROPER 34580 34591 34583 34585 $FC -120.0
DIHEDRAL 34615 34618 34620 34622 $FC  0.0
IMPROPER 34714 34725 34717 34719 $FC -120.0
DIHEDRAL 34749 34752 34754 34756 $FC  0.0
IMPROPER 34848 34859 34851 34853 $FC -120.0
DIHEDRAL 34883 34886 34888 34890 $FC  0.0
IMPROPER 34982 34993 34985 34987 $FC -120.0
DIHEDRAL 35017 35020 35022 35024 $FC  0.0
IMPROPER 35116 35127 35119 35121 $FC -120.0
DIHEDRAL 35151 35154 35156 35158 $FC  0.0
IMPROPER 35250 35261 35253 35255 $FC -120.0
DIHEDRAL 35285 35288 35290 35292 $FC  0.0
IMPROPER 35384 35395 35387 35389 $FC -120.0
DIHEDRAL 35419 35422 35424 35426 $FC  0.0
IMPROPER 35518 35529 35521 35523 $FC -120.0
DIHEDRAL 35553 35556 35558 35560 $FC  0.0
IMPROPER 35652 35663 35655 35657 $FC -120.0
DIHEDRAL 35687 35690 35692 35694 $FC  0.0
IMPROPER 35786 35797 35789 35791 $FC -120.0
DIHEDRAL 35821 35824 35826 35828 $FC  0.0
IMPROPER 35920 35931 35923 35925 $FC -120.0
DIHEDRAL 35955 35958 35960 35962 $FC  0.0
IMPROPER 36054 36065 36057 36059 $FC -120.0
DIHEDRAL 36089 36092 36094 36096 $FC  0.0
IMPROPER 36188 36199 36191 36193 $FC -120.0
DIHEDRAL 36223 36226 36228 36230 $FC  0.0
IMPROPER 36322 36333 36325 36327 $FC -120.0
DIHEDRAL 36357 36360 36362 36364 $FC  0.0
IMPROPER 36456 36467 36459 36461 $FC -120.0
DIHEDRAL 36491 36494 36496 36498 $FC  0.0
IMPROPER 36590 36601 36593 36595 $FC -120.0
DIHEDRAL 36625 36628 36630 36632 $FC  0.0
IMPROPER 36724 36735 36727 36729 $FC -120.0
DIHEDRAL 36759 36762 36764 36766 $FC  0.0
IMPROPER 36858 36869 36861 36863 $FC -120.0
DIHEDRAL 36893 36896 36898 36900 $FC  0.0
IMPROPER 36992 37003 36995 36997 $FC -120.0
DIHEDRAL 37027 37030 37032 37034 $FC  0.0
IMPROPER 37126 37137 37129 37131 $FC -120.0
DIHEDRAL 37161 37164 37166 37168 $FC  0.0
IMPROPER 37260 37271 37263 37265 $FC -120.0
DIHEDRAL 37295 37298 37300 37302 $FC  0.0
IMPROPER 37394 37405 37397 37399 $FC -120.0
DIHEDRAL 37429 37432 37434 37436 $FC  0.0
IMPROPER 37528 37539 37531 37533 $FC -120.0
DIHEDRAL 37563 37566 37568 37570 $FC  0.0
IMPROPER 37662 37673 37665 37667 $FC -120.0
DIHEDRAL 37697 37700 37702 37704 $FC  0.0
IMPROPER 37796 37807 37799 37801 $FC -120.0
DIHEDRAL 37831 37834 37836 37838 $FC  0.0
IMPROPER 37930 37941 37933 37935 $FC -120.0
DIHEDRAL 37965 37968 37970 37972 $FC  0.0
IMPROPER 38064 38075 38067 38069 $FC -120.0
DIHEDRAL 38099 38102 38104 38106 $FC  0.0
IMPROPER 38198 38209 38201 38203 $FC -120.0
DIHEDRAL 38233 38236 38238 38240 $FC  0.0
IMPROPER 38332 38343 38335 38337 $FC -120.0
DIHEDRAL 38367 38370 38372 38374 $FC  0.0
IMPROPER 38466 38477 38469 38471 $FC -120.0
DIHEDRAL 38501 38504 38506 38508 $FC  0.0
IMPROPER 38600 38611 38603 38605 $FC -120.0
DIHEDRAL 38635 38638 38640 38642 $FC  0.0
IMPROPER 38734 38745 38737 38739 $FC -120.0
DIHEDRAL 38769 38772 38774 38776 $FC  0.0
IMPROPER 38868 38879 38871 38873 $FC -120.0
DIHEDRAL 38903 38906 38908 38910 $FC  0.0
IMPROPER 39002 39013 39005 39007 $FC -120.0
DIHEDRAL 39037 39040 39042 39044 $FC  0.0
IMPROPER 39136 39147 39139 39141 $FC -120.0
DIHEDRAL 39171 39174 39176 39178 $FC  0.0
IMPROPER 39270 39281 39273 39275 $FC -120.0
DIHEDRAL 39305 39308 39310 39312 $FC  0.0
IMPROPER 39404 39415 39407 39409 $FC -120.0
DIHEDRAL 39439 39442 39444 39446 $FC  0.0
IMPROPER 39538 39549 39541 39543 $FC -120.0
DIHEDRAL 39573 39576 39578 39580 $FC  0.0
IMPROPER 39672 39683 39675 39677 $FC -120.0
DIHEDRAL 39707 39710 39712 39714 $FC  0.0
IMPROPER 39806 39817 39809 39811 $FC -120.0
DIHEDRAL 39841 39844 39846 39848 $FC  0.0
IMPROPER 39940 39951 39943 39945 $FC -120.0
DIHEDRAL 39975 39978 39980 39982 $FC  0.0
IMPROPER 40074 40085 40077 40079 $FC -120.0
DIHEDRAL 40109 40112 40114 40116 $FC  0.0
IMPROPER 40208 40219 40211 40213 $FC -120.0
DIHEDRAL 40243 40246 40248 40250 $FC  0.0
IMPROPER 40342 40353 40345 40347 $FC -120.0
DIHEDRAL 40377 40380 40382 40384 $FC  0.0
IMPROPER 40476 40487 40479 40481 $FC -120.0
DIHEDRAL 40511 40514 40516 40518 $FC  0.0
IMPROPER 40610 40621 40613 40615 $FC -120.0
DIHEDRAL 40645 40648 40650 40652 $FC  0.0
IMPROPER 40744 40755 40747 40749 $FC -120.0
DIHEDRAL 40779 40782 40784 40786 $FC  0.0
IMPROPER 40878 40889 40881 40883 $FC -120.0
DIHEDRAL 40913 40916 40918 40920 $FC  0.0
IMPROPER 41012 41023 41015 41017 $FC -120.0
DIHEDRAL 41047 41050 41052 41054 $FC  0.0
IMPROPER 41146 41157 41149 41151 $FC -120.0
DIHEDRAL 41181 41184 41186 41188 $FC  0.0
IMPROPER 41280 41291 41283 41285 $FC -120.0
DIHEDRAL 41315 41318 41320 41322 $FC  0.0
IMPROPER 41414 41425 41417 41419 $FC -120.0
DIHEDRAL 41449 41452 41454 41456 $FC  0.0
IMPROPER 41548 41559 41551 41553 $FC -120.0
DIHEDRAL 41583 41586 41588 41590 $FC  0.0
IMPROPER 41682 41693 41685 41687 $FC -120.0
DIHEDRAL 41717 41720 41722 41724 $FC  0.0
IMPROPER 41816 41827 41819 41821 $FC -120.0
DIHEDRAL 41851 41854 41856 41858 $FC  0.0
IMPROPER 41950 41961 41953 41955 $FC -120.0
DIHEDRAL 41985 41988 41990 41992 $FC  0.0
IMPROPER 42084 42095 42087 42089 $FC -120.0
DIHEDRAL 42119 42122 42124 42126 $FC  0.0
IMPROPER 42218 42229 42221 42223 $FC -120.0
DIHEDRAL 42253 42256 42258 42260 $FC  0.0
IMPROPER 42352 42363 42355 42357 $FC -120.0
DIHEDRAL 42387 42390 42392 42394 $FC  0.0
IMPROPER 42486 42497 42489 42491 $FC -120.0
DIHEDRAL 42521 42524 42526 42528 $FC  0.0
IMPROPER 42620 42631 42623 42625 $FC -120.0
DIHEDRAL 42655 42658 42660 42662 $FC  0.0
IMPROPER 42754 42765 42757 42759 $FC -120.0
DIHEDRAL 42789 42792 42794 42796 $FC  0.0
IMPROPER 42888 42899 42891 42893 $FC -120.0
DIHEDRAL 42923 42926 42928 42930 $FC  0.0
IMPROPER 43022 43033 43025 43027 $FC -120.0
DIHEDRAL 43057 43060 43062 43064 $FC  0.0
IMPROPER 43156 43167 43159 43161 $FC -120.0
DIHEDRAL 43191 43194 43196 43198 $FC  0.0
IMPROPER 43290 43301 43293 43295 $FC -120.0
DIHEDRAL 43325 43328 43330 43332 $FC  0.0
IMPROPER 43424 43435 43427 43429 $FC -120.0
DIHEDRAL 43459 43462 43464 43466 $FC  0.0
IMPROPER 43558 43569 43561 43563 $FC -120.0
DIHEDRAL 43593 43596 43598 43600 $FC  0.0
IMPROPER 43692 43703 43695 43697 $FC -120.0
DIHEDRAL 43727 43730 43732 43734 $FC  0.0
IMPROPER 43826 43837 43829 43831 $FC -120.0
DIHEDRAL 43861 43864 43866 43868 $FC  0.0
IMPROPER 43960 43971 43963 43965 $FC -120.0
DIHEDRAL 43995 43998 44000 44002 $FC  0.0
IMPROPER 44094 44105 44097 44099 $FC -120.0
DIHEDRAL 44129 44132 44134 44136 $FC  0.0
IMPROPER 44228 44239 44231 44233 $FC -120.0
DIHEDRAL 44263 44266 44268 44270 $FC  0.0
IMPROPER 44362 44373 44365 44367 $FC -120.0
DIHEDRAL 44397 44400 44402 44404 $FC  0.0
IMPROPER 44496 44507 44499 44501 $FC -120.0
DIHEDRAL 44531 44534 44536 44538 $FC  0.0
IMPROPER 44630 44641 44633 44635 $FC -120.0
DIHEDRAL 44665 44668 44670 44672 $FC  0.0
IMPROPER 44764 44775 44767 44769 $FC -120.0
DIHEDRAL 44799 44802 44804 44806 $FC  0.0
IMPROPER 44898 44909 44901 44903 $FC -120.0
DIHEDRAL 44933 44936 44938 44940 $FC  0.0
IMPROPER 45032 45043 45035 45037 $FC -120.0
DIHEDRAL 45067 45070 45072 45074 $FC  0.0
IMPROPER 45166 45177 45169 45171 $FC -120.0
DIHEDRAL 45201 45204 45206 45208 $FC  0.0
IMPROPER 45300 45311 45303 45305 $FC -120.0
DIHEDRAL 45335 45338 45340 45342 $FC  0.0
IMPROPER 45434 45445 45437 45439 $FC -120.0
DIHEDRAL 45469 45472 45474 45476 $FC  0.0
IMPROPER 45568 45579 45571 45573 $FC -120.0
DIHEDRAL 45603 45606 45608 45610 $FC  0.0
IMPROPER 45702 45713 45705 45707 $FC -120.0
DIHEDRAL 45737 45740 45742 45744 $FC  0.0
IMPROPER 45836 45847 45839 45841 $FC -120.0
DIHEDRAL 45871 45874 45876 45878 $FC  0.0
IMPROPER 45970 45981 45973 45975 $FC -120.0
DIHEDRAL 46005 46008 46010 46012 $FC  0.0
IMPROPER 46104 46115 46107 46109 $FC -120.0
DIHEDRAL 46139 46142 46144 46146 $FC  0.0
IMPROPER 46238 46249 46241 46243 $FC -120.0
DIHEDRAL 46273 46276 46278 46280 $FC  0.0
IMPROPER 46372 46383 46375 46377 $FC -120.0
DIHEDRAL 46407 46410 46412 46414 $FC  0.0
IMPROPER 46506 46517 46509 46511 $FC -120.0
DIHEDRAL 46541 46544 46546 46548 $FC  0.0
IMPROPER 46640 46651 46643 46645 $FC -120.0
DIHEDRAL 46675 46678 46680 46682 $FC  0.0
IMPROPER 46774 46785 46777 46779 $FC -120.0
DIHEDRAL 46809 46812 46814 46816 $FC  0.0
IMPROPER 46908 46919 46911 46913 $FC -120.0
DIHEDRAL 46943 46946 46948 46950 $FC  0.0
IMPROPER 47042 47053 47045 47047 $FC -120.0
DIHEDRAL 47077 47080 47082 47084 $FC  0.0
IMPROPER 47176 47187 47179 47181 $FC -120.0
DIHEDRAL 47211 47214 47216 47218 $FC  0.0
IMPROPER 47310 47321 47313 47315 $FC -120.0
DIHEDRAL 47345 47348 47350 47352 $FC  0.0
IMPROPER 47444 47455 47447 47449 $FC -120.0
DIHEDRAL 47479 47482 47484 47486 $FC  0.0
IMPROPER 47578 47589 47581 47583 $FC -120.0
DIHEDRAL 47613 47616 47618 47620 $FC  0.0
IMPROPER 47712 47723 47715 47717 $FC -120.0
DIHEDRAL 47747 47750 47752 47754 $FC  0.0
IMPROPER 47846 47857 47849 47851 $FC -120.0
DIHEDRAL 47881 47884 47886 47888 $FC  0.0
IMPROPER 47980 47991 47983 47985 $FC -120.0
DIHEDRAL 48015 48018 48020 48022 $FC  0.0
IMPROPER 48114 48125 48117 48119 $FC -120.0
DIHEDRAL 48149 48152 48154 48156 $FC  0.0
IMPROPER 48248 48259 48251 48253 $FC -120.0
DIHEDRAL 48283 48286 48288 48290 $FC  0.0
IMPROPER 48382 48393 48385 48387 $FC -120.0
DIHEDRAL 48417 48420 48422 48424 $FC  0.0
IMPROPER 48516 48527 48519 48521 $FC -120.0
DIHEDRAL 48551 48554 48556 48558 $FC  0.0
IMPROPER 48650 48661 48653 48655 $FC -120.0
DIHEDRAL 48685 48688 48690 48692 $FC  0.0
IMPROPER 48784 48795 48787 48789 $FC -120.0
DIHEDRAL 48819 48822 48824 48826 $FC  0.0
IMPROPER 48918 48929 48921 48923 $FC -120.0
DIHEDRAL 48953 48956 48958 48960 $FC  0.0
IMPROPER 49052 49063 49055 49057 $FC -120.0
DIHEDRAL 49087 49090 49092 49094 $FC  0.0
IMPROPER 49186 49197 49189 49191 $FC -120.0
DIHEDRAL 49221 49224 49226 49228 $FC  0.0
IMPROPER 49320 49331 49323 49325 $FC -120.0
DIHEDRAL 49355 49358 49360 49362 $FC  0.0
IMPROPER 49454 49465 49457 49459 $FC -120.0
DIHEDRAL 49489 49492 49494 49496 $FC  0.0
IMPROPER 49588 49599 49591 49593 $FC -120.0
DIHEDRAL 49623 49626 49628 49630 $FC  0.0
IMPROPER 49722 49733 49725 49727 $FC -120.0
DIHEDRAL 49757 49760 49762 49764 $FC  0.0
IMPROPER 49856 49867 49859 49861 $FC -120.0
DIHEDRAL 49891 49894 49896 49898 $FC  0.0
IMPROPER 49990 50001 49993 49995 $FC -120.0
DIHEDRAL 50025 50028 50030 50032 $FC  0.0
IMPROPER 50124 50135 50127 50129 $FC -120.0
DIHEDRAL 50159 50162 50164 50166 $FC  0.0
IMPROPER 50258 50269 50261 50263 $FC -120.0
DIHEDRAL 50293 50296 50298 50300 $FC  0.0
IMPROPER 50392 50403 50395 50397 $FC -120.0
DIHEDRAL 50427 50430 50432 50434 $FC  0.0
IMPROPER 50526 50537 50529 50531 $FC -120.0
DIHEDRAL 50561 50564 50566 50568 $FC  0.0
IMPROPER 50660 50671 50663 50665 $FC -120.0
DIHEDRAL 50695 50698 50700 50702 $FC  0.0
IMPROPER 50794 50805 50797 50799 $FC -120.0
DIHEDRAL 50829 50832 50834 50836 $FC  0.0
IMPROPER 50928 50939 50931 50933 $FC -120.0
DIHEDRAL 50963 50966 50968 50970 $FC  0.0
IMPROPER 51062 51073 51065 51067 $FC -120.0
DIHEDRAL 51097 51100 51102 51104 $FC  0.0
IMPROPER 51196 51207 51199 51201 $FC -120.0
DIHEDRAL 51231 51234 51236 51238 $FC  0.0
IMPROPER 51330 51341 51333 51335 $FC -120.0
DIHEDRAL 51365 51368 51370 51372 $FC  0.0
IMPROPER 51464 51475 51467 51469 $FC -120.0
DIHEDRAL 51499 51502 51504 51506 $FC  0.0
IMPROPER 51598 51609 51601 51603 $FC -120.0
DIHEDRAL 51633 51636 51638 51640 $FC  0.0
IMPROPER 51732 51743 51735 51737 $FC -120.0
DIHEDRAL 51767 51770 51772 51774 $FC  0.0
IMPROPER 51866 51877 51869 51871 $FC -120.0
DIHEDRAL 51901 51904 51906 51908 $FC  0.0
IMPROPER 52000 52011 52003 52005 $FC -120.0
DIHEDRAL 52035 52038 52040 52042 $FC  0.0
