IMPROPER 15 26 18 20 $FC -120.0
DIHEDRAL 50 53 55 57 $FC  0.0
IMPROPER 140 151 143 145 $FC -120.0
DIHEDRAL 175 178 180 182 $FC  0.0
IMPROPER 250 257 255 259 $FC  120.0
IMPROPER 267 278 270 272 $FC -120.0
DIHEDRAL 302 305 307 309 $FC  0.0
IMPROPER 401 412 404 406 $FC -120.0
DIHEDRAL 436 439 441 443 $FC  0.0
IMPROPER 535 546 538 540 $FC -120.0
DIHEDRAL 570 573 575 577 $FC  0.0
IMPROPER 669 680 672 674 $FC -120.0
DIHEDRAL 704 707 709 711 $FC  0.0
IMPROPER 794 805 797 799 $FC -120.0
DIHEDRAL 829 832 834 836 $FC  0.0
IMPROPER 919 930 922 924 $FC -120.0
DIHEDRAL 954 957 959 961 $FC  0.0
IMPROPER 1053 1064 1056 1058 $FC -120.0
DIHEDRAL 1088 1091 1093 1095 $FC  0.0
IMPROPER 1163 1170 1168 1172 $FC  120.0
IMPROPER 1180 1191 1183 1185 $FC -120.0
DIHEDRAL 1215 1218 1220 1222 $FC  0.0
IMPROPER 1314 1325 1317 1319 $FC -120.0
DIHEDRAL 1349 1352 1354 1356 $FC  0.0
IMPROPER 1424 1431 1429 1433 $FC  120.0
IMPROPER 1441 1452 1444 1446 $FC -120.0
DIHEDRAL 1476 1479 1481 1483 $FC  0.0
IMPROPER 1575 1586 1578 1580 $FC -120.0
DIHEDRAL 1610 1613 1615 1617 $FC  0.0
IMPROPER 1709 1720 1712 1714 $FC -120.0
DIHEDRAL 1744 1747 1749 1751 $FC  0.0
IMPROPER 1819 1826 1824 1828 $FC  120.0
IMPROPER 1836 1847 1839 1841 $FC -120.0
DIHEDRAL 1871 1874 1876 1878 $FC  0.0
IMPROPER 1946 1953 1951 1955 $FC  120.0
IMPROPER 1963 1974 1966 1968 $FC -120.0
DIHEDRAL 1998 2001 2003 2005 $FC  0.0
IMPROPER 2097 2108 2100 2102 $FC -120.0
DIHEDRAL 2132 2135 2137 2139 $FC  0.0
IMPROPER 2222 2233 2225 2227 $FC -120.0
DIHEDRAL 2257 2260 2262 2264 $FC  0.0
IMPROPER 2347 2358 2350 2352 $FC -120.0
DIHEDRAL 2382 2385 2387 2389 $FC  0.0
IMPROPER 2481 2492 2484 2486 $FC -120.0
DIHEDRAL 2516 2519 2521 2523 $FC  0.0
IMPROPER 2615 2626 2618 2620 $FC -120.0
DIHEDRAL 2650 2653 2655 2657 $FC  0.0
IMPROPER 2749 2760 2752 2754 $FC -120.0
DIHEDRAL 2784 2787 2789 2791 $FC  0.0
IMPROPER 2874 2885 2877 2879 $FC -120.0
DIHEDRAL 2909 2912 2914 2916 $FC  0.0
IMPROPER 3008 3019 3011 3013 $FC -120.0
DIHEDRAL 3043 3046 3048 3050 $FC  0.0
IMPROPER 3142 3153 3145 3147 $FC -120.0
DIHEDRAL 3177 3180 3182 3184 $FC  0.0
IMPROPER 3276 3287 3279 3281 $FC -120.0
DIHEDRAL 3311 3314 3316 3318 $FC  0.0
IMPROPER 3401 3412 3404 3406 $FC -120.0
DIHEDRAL 3436 3439 3441 3443 $FC  0.0
IMPROPER 3511 3518 3516 3520 $FC  120.0
IMPROPER 3528 3539 3531 3533 $FC -120.0
DIHEDRAL 3563 3566 3568 3570 $FC  0.0
IMPROPER 3638 3645 3643 3647 $FC  120.0
IMPROPER 3655 3666 3658 3660 $FC -120.0
DIHEDRAL 3690 3693 3695 3697 $FC  0.0
IMPROPER 3780 3791 3783 3785 $FC -120.0
DIHEDRAL 3815 3818 3820 3822 $FC  0.0
IMPROPER 3890 3897 3895 3899 $FC  120.0
IMPROPER 3907 3918 3910 3912 $FC -120.0
DIHEDRAL 3942 3945 3947 3949 $FC  0.0
IMPROPER 4041 4052 4044 4046 $FC -120.0
DIHEDRAL 4076 4079 4081 4083 $FC  0.0
IMPROPER 4151 4158 4156 4160 $FC  120.0
IMPROPER 4168 4179 4171 4173 $FC -120.0
DIHEDRAL 4203 4206 4208 4210 $FC  0.0
IMPROPER 4278 4285 4283 4287 $FC  120.0
IMPROPER 4295 4306 4298 4300 $FC -120.0
DIHEDRAL 4330 4333 4335 4337 $FC  0.0
IMPROPER 4429 4440 4432 4434 $FC -120.0
DIHEDRAL 4464 4467 4469 4471 $FC  0.0
IMPROPER 4539 4546 4544 4548 $FC  120.0
IMPROPER 4556 4567 4559 4561 $FC -120.0
DIHEDRAL 4591 4594 4596 4598 $FC  0.0
IMPROPER 4681 4692 4684 4686 $FC -120.0
DIHEDRAL 4716 4719 4721 4723 $FC  0.0
IMPROPER 4815 4826 4818 4820 $FC -120.0
DIHEDRAL 4850 4853 4855 4857 $FC  0.0
IMPROPER 4940 4951 4943 4945 $FC -120.0
DIHEDRAL 4975 4978 4980 4982 $FC  0.0
IMPROPER 5074 5085 5077 5079 $FC -120.0
DIHEDRAL 5109 5112 5114 5116 $FC  0.0
IMPROPER 5208 5219 5211 5213 $FC -120.0
DIHEDRAL 5243 5246 5248 5250 $FC  0.0
IMPROPER 5342 5353 5345 5347 $FC -120.0
DIHEDRAL 5377 5380 5382 5384 $FC  0.0
IMPROPER 5476 5487 5479 5481 $FC -120.0
DIHEDRAL 5511 5514 5516 5518 $FC  0.0
IMPROPER 5610 5621 5613 5615 $FC -120.0
DIHEDRAL 5645 5648 5650 5652 $FC  0.0
IMPROPER 5744 5755 5747 5749 $FC -120.0
DIHEDRAL 5779 5782 5784 5786 $FC  0.0
IMPROPER 5854 5861 5859 5863 $FC  120.0
IMPROPER 5871 5882 5874 5876 $FC -120.0
DIHEDRAL 5906 5909 5911 5913 $FC  0.0
IMPROPER 5996 6007 5999 6001 $FC -120.0
DIHEDRAL 6031 6034 6036 6038 $FC  0.0
IMPROPER 6130 6141 6133 6135 $FC -120.0
DIHEDRAL 6165 6168 6170 6172 $FC  0.0
IMPROPER 6264 6275 6267 6269 $FC -120.0
DIHEDRAL 6299 6302 6304 6306 $FC  0.0
IMPROPER 6398 6409 6401 6403 $FC -120.0
DIHEDRAL 6433 6436 6438 6440 $FC  0.0
IMPROPER 6523 6534 6526 6528 $FC -120.0
DIHEDRAL 6558 6561 6563 6565 $FC  0.0
IMPROPER 6657 6668 6660 6662 $FC -120.0
DIHEDRAL 6692 6695 6697 6699 $FC  0.0
IMPROPER 6791 6802 6794 6796 $FC -120.0
DIHEDRAL 6826 6829 6831 6833 $FC  0.0
IMPROPER 6925 6936 6928 6930 $FC -120.0
DIHEDRAL 6960 6963 6965 6967 $FC  0.0
IMPROPER 7059 7070 7062 7064 $FC -120.0
DIHEDRAL 7094 7097 7099 7101 $FC  0.0
IMPROPER 7184 7195 7187 7189 $FC -120.0
DIHEDRAL 7219 7222 7224 7226 $FC  0.0
IMPROPER 7294 7301 7299 7303 $FC  120.0
IMPROPER 7311 7322 7314 7316 $FC -120.0
DIHEDRAL 7346 7349 7351 7353 $FC  0.0
IMPROPER 7421 7428 7426 7430 $FC  120.0
IMPROPER 7438 7449 7441 7443 $FC -120.0
DIHEDRAL 7473 7476 7478 7480 $FC  0.0
IMPROPER 7548 7555 7553 7557 $FC  120.0
IMPROPER 7565 7576 7568 7570 $FC -120.0
DIHEDRAL 7600 7603 7605 7607 $FC  0.0
IMPROPER 7690 7701 7693 7695 $FC -120.0
DIHEDRAL 7725 7728 7730 7732 $FC  0.0
IMPROPER 7824 7835 7827 7829 $FC -120.0
DIHEDRAL 7859 7862 7864 7866 $FC  0.0
IMPROPER 7958 7969 7961 7963 $FC -120.0
DIHEDRAL 7993 7996 7998 8000 $FC  0.0
IMPROPER 8083 8094 8086 8088 $FC -120.0
DIHEDRAL 8118 8121 8123 8125 $FC  0.0
IMPROPER 8217 8228 8220 8222 $FC -120.0
DIHEDRAL 8252 8255 8257 8259 $FC  0.0
IMPROPER 8351 8362 8354 8356 $FC -120.0
DIHEDRAL 8386 8389 8391 8393 $FC  0.0
IMPROPER 8461 8468 8466 8470 $FC  120.0
IMPROPER 8478 8489 8481 8483 $FC -120.0
DIHEDRAL 8513 8516 8518 8520 $FC  0.0
IMPROPER 8612 8623 8615 8617 $FC -120.0
DIHEDRAL 8647 8650 8652 8654 $FC  0.0
IMPROPER 8722 8729 8727 8731 $FC  120.0
IMPROPER 8739 8750 8742 8744 $FC -120.0
DIHEDRAL 8774 8777 8779 8781 $FC  0.0
IMPROPER 8873 8884 8876 8878 $FC -120.0
DIHEDRAL 8908 8911 8913 8915 $FC  0.0
IMPROPER 8983 8990 8988 8992 $FC  120.0
IMPROPER 9000 9011 9003 9005 $FC -120.0
DIHEDRAL 9035 9038 9040 9042 $FC  0.0
IMPROPER 9125 9136 9128 9130 $FC -120.0
DIHEDRAL 9160 9163 9165 9167 $FC  0.0
IMPROPER 9259 9270 9262 9264 $FC -120.0
DIHEDRAL 9294 9297 9299 9301 $FC  0.0
IMPROPER 9369 9376 9374 9378 $FC  120.0
IMPROPER 9386 9397 9389 9391 $FC -120.0
DIHEDRAL 9421 9424 9426 9428 $FC  0.0
IMPROPER 9520 9531 9523 9525 $FC -120.0
DIHEDRAL 9555 9558 9560 9562 $FC  0.0
IMPROPER 9645 9656 9648 9650 $FC -120.0
DIHEDRAL 9680 9683 9685 9687 $FC  0.0
IMPROPER 9779 9790 9782 9784 $FC -120.0
DIHEDRAL 9814 9817 9819 9821 $FC  0.0
IMPROPER 9889 9896 9894 9898 $FC  120.0
IMPROPER 9906 9917 9909 9911 $FC -120.0
DIHEDRAL 9941 9944 9946 9948 $FC  0.0
IMPROPER 10040 10051 10043 10045 $FC -120.0
DIHEDRAL 10075 10078 10080 10082 $FC  0.0
IMPROPER 10165 10176 10168 10170 $FC -120.0
DIHEDRAL 10200 10203 10205 10207 $FC  0.0
IMPROPER 10290 10301 10293 10295 $FC -120.0
DIHEDRAL 10325 10328 10330 10332 $FC  0.0
IMPROPER 10424 10435 10427 10429 $FC -120.0
DIHEDRAL 10459 10462 10464 10466 $FC  0.0
IMPROPER 10534 10541 10539 10543 $FC  120.0
IMPROPER 10551 10562 10554 10556 $FC -120.0
DIHEDRAL 10586 10589 10591 10593 $FC  0.0
IMPROPER 10661 10668 10666 10670 $FC  120.0
IMPROPER 10678 10689 10681 10683 $FC -120.0
DIHEDRAL 10713 10716 10718 10720 $FC  0.0
IMPROPER 10812 10823 10815 10817 $FC -120.0
DIHEDRAL 10847 10850 10852 10854 $FC  0.0
IMPROPER 10922 10929 10927 10931 $FC  120.0
IMPROPER 10939 10950 10942 10944 $FC -120.0
DIHEDRAL 10974 10977 10979 10981 $FC  0.0
IMPROPER 11064 11075 11067 11069 $FC -120.0
DIHEDRAL 11099 11102 11104 11106 $FC  0.0
IMPROPER 11198 11209 11201 11203 $FC -120.0
DIHEDRAL 11233 11236 11238 11240 $FC  0.0
IMPROPER 11323 11334 11326 11328 $FC -120.0
DIHEDRAL 11358 11361 11363 11365 $FC  0.0
IMPROPER 11457 11468 11460 11462 $FC -120.0
DIHEDRAL 11492 11495 11497 11499 $FC  0.0
IMPROPER 11567 11574 11572 11576 $FC  120.0
IMPROPER 11584 11595 11587 11589 $FC -120.0
DIHEDRAL 11619 11622 11624 11626 $FC  0.0
IMPROPER 11718 11729 11721 11723 $FC -120.0
DIHEDRAL 11753 11756 11758 11760 $FC  0.0
IMPROPER 11843 11854 11846 11848 $FC -120.0
DIHEDRAL 11878 11881 11883 11885 $FC  0.0
IMPROPER 11953 11960 11958 11962 $FC  120.0
IMPROPER 11970 11981 11973 11975 $FC -120.0
DIHEDRAL 12005 12008 12010 12012 $FC  0.0
IMPROPER 12080 12087 12085 12089 $FC  120.0
IMPROPER 12097 12108 12100 12102 $FC -120.0
DIHEDRAL 12132 12135 12137 12139 $FC  0.0
IMPROPER 12231 12242 12234 12236 $FC -120.0
DIHEDRAL 12266 12269 12271 12273 $FC  0.0
IMPROPER 12356 12367 12359 12361 $FC -120.0
DIHEDRAL 12391 12394 12396 12398 $FC  0.0
IMPROPER 12481 12492 12484 12486 $FC -120.0
DIHEDRAL 12516 12519 12521 12523 $FC  0.0
IMPROPER 12615 12626 12618 12620 $FC -120.0
DIHEDRAL 12650 12653 12655 12657 $FC  0.0
IMPROPER 12749 12760 12752 12754 $FC -120.0
DIHEDRAL 12784 12787 12789 12791 $FC  0.0
IMPROPER 12883 12894 12886 12888 $FC -120.0
DIHEDRAL 12918 12921 12923 12925 $FC  0.0
IMPROPER 12993 13000 12998 13002 $FC  120.0
IMPROPER 13010 13021 13013 13015 $FC -120.0
DIHEDRAL 13045 13048 13050 13052 $FC  0.0
IMPROPER 13144 13155 13147 13149 $FC -120.0
DIHEDRAL 13179 13182 13184 13186 $FC  0.0
IMPROPER 13278 13289 13281 13283 $FC -120.0
DIHEDRAL 13313 13316 13318 13320 $FC  0.0
IMPROPER 13403 13414 13406 13408 $FC -120.0
DIHEDRAL 13438 13441 13443 13445 $FC  0.0
IMPROPER 13528 13539 13531 13533 $FC -120.0
DIHEDRAL 13563 13566 13568 13570 $FC  0.0
IMPROPER 13662 13673 13665 13667 $FC -120.0
DIHEDRAL 13697 13700 13702 13704 $FC  0.0
IMPROPER 13796 13807 13799 13801 $FC -120.0
DIHEDRAL 13831 13834 13836 13838 $FC  0.0
IMPROPER 13930 13941 13933 13935 $FC -120.0
DIHEDRAL 13965 13968 13970 13972 $FC  0.0
IMPROPER 14064 14075 14067 14069 $FC -120.0
DIHEDRAL 14099 14102 14104 14106 $FC  0.0
IMPROPER 14198 14209 14201 14203 $FC -120.0
DIHEDRAL 14233 14236 14238 14240 $FC  0.0
IMPROPER 14332 14343 14335 14337 $FC -120.0
DIHEDRAL 14367 14370 14372 14374 $FC  0.0
IMPROPER 14442 14449 14447 14451 $FC  120.0
IMPROPER 14459 14470 14462 14464 $FC -120.0
DIHEDRAL 14494 14497 14499 14501 $FC  0.0
IMPROPER 14584 14595 14587 14589 $FC -120.0
DIHEDRAL 14619 14622 14624 14626 $FC  0.0
IMPROPER 14694 14701 14699 14703 $FC  120.0
IMPROPER 14711 14722 14714 14716 $FC -120.0
DIHEDRAL 14746 14749 14751 14753 $FC  0.0
IMPROPER 14845 14856 14848 14850 $FC -120.0
DIHEDRAL 14880 14883 14885 14887 $FC  0.0
IMPROPER 14970 14981 14973 14975 $FC -120.0
DIHEDRAL 15005 15008 15010 15012 $FC  0.0
IMPROPER 15080 15087 15085 15089 $FC  120.0
IMPROPER 15097 15108 15100 15102 $FC -120.0
DIHEDRAL 15132 15135 15137 15139 $FC  0.0
IMPROPER 15222 15233 15225 15227 $FC -120.0
DIHEDRAL 15257 15260 15262 15264 $FC  0.0
IMPROPER 15356 15367 15359 15361 $FC -120.0
DIHEDRAL 15391 15394 15396 15398 $FC  0.0
IMPROPER 15490 15501 15493 15495 $FC -120.0
DIHEDRAL 15525 15528 15530 15532 $FC  0.0
