Frame         Time          Elec          VdW           Nonbond       Total         
0             0             -60.3327      +0.3475       -59.9852      -59.9852      
1             1             -57.6589      -4.2093       -61.8682      -61.8682      
2             2             -47.0005      -6.2474       -53.2479      -53.2479      
3             3             -56.9775      -2.1117       -59.0892      -59.0892      
4             4             -57.5515      +0.2376       -57.3139      -57.3139      
5             5             -50.1347      -4.0255       -54.1602      -54.1602      
6             6             -36.7681      -4.4096       -41.1777      -41.1777      
7             7             -41.253       -5.6087       -46.8617      -46.8617      
8             8             -47.9575      -4.6497       -52.6072      -52.6072      
9             9             -41.4338      -6.1015       -47.5353      -47.5353      
10            10            -45.0489      -5.5589       -50.6078      -50.6078      
11            11            -54.2943      -1.2795       -55.5738      -55.5738      
12            12            -37.7411      -5.9594       -43.7005      -43.7005      
13            13            -56.0988      -5.1535       -61.2523      -61.2523      
14            14            -56.8855      -3.2237       -60.1092      -60.1092      
15            15            -43.1185      -5.5605       -48.679       -48.679       
16            16            -45.7335      -5.1613       -50.8948      -50.8948      
17            17            -47.4669      -5.7586       -53.2255      -53.2255      
18            18            -57.0183      -2.0022       -59.0205      -59.0205      
19            19            -49.8877      -4.2658       -54.1535      -54.1535      
20            20            -48.5027      -3.4864       -51.9891      -51.9891      
21            21            -42.3818      -5.3235       -47.7053      -47.7053      
22            22            -47.1819      -4.1516       -51.3335      -51.3335      
23            23            -52.5414      -2.7455       -55.2869      -55.2869      
24            24            -48.4647      -4.4949       -52.9596      -52.9596      
25            25            -51.8004      -4.2514       -56.0518      -56.0518      
26            26            -49.7377      -2.5606       -52.2983      -52.2983      
27            27            -44.4906      -5.4125       -49.9031      -49.9031      
28            28            -54.1755      -3.4506       -57.6261      -57.6261      
29            29            -46.5129      -5.8554       -52.3683      -52.3683      
30            30            -42.7277      -6.0677       -48.7954      -48.7954      
31            31            -52.8015      -2.3937       -55.1952      -55.1952      
32            32            -50.6519      -3.7101       -54.362       -54.362       
33            33            -50.6881      -2.7948       -53.4829      -53.4829      
34            34            -51.9748      -5.3251       -57.2999      -57.2999      
35            35            -47.6161      -4.7756       -52.3917      -52.3917      
36            36            -56.0164      -3.3303       -59.3467      -59.3467      
37            37            -41.6861      -5.283        -46.9691      -46.9691      
38            38            -54.482       -5.3667       -59.8487      -59.8487      
39            39            -46.5923      -3.6452       -50.2375      -50.2375      
40            40            -62.4741      -1.352        -63.8261      -63.8261      
41            41            -61.4028      -3.5177       -64.9205      -64.9205      
42            42            -53.7625      -2.1447       -55.9072      -55.9072      
43            43            -45.7073      -4.8771       -50.5844      -50.5844      
44            44            -42.1225      -4.66         -46.7825      -46.7825      
45            45            -43.2219      -5.3254       -48.5473      -48.5473      
46            46            -49.5413      -4.2435       -53.7848      -53.7848      
47            47            -47.3241      -3.7334       -51.0575      -51.0575      
48            48            -51.1254      -4.6814       -55.8068      -55.8068      
49            49            -46.5398      -5.1174       -51.6572      -51.6572      
50            50            -47.8783      -5.4427       -53.321       -53.321       
51            51            -57.642       -2.55         -60.192       -60.192       
52            52            -52.8623      -0.5699       -53.4322      -53.4322      
53            53            -48.2066      -4.9448       -53.1514      -53.1514      
54            54            -49.8893      -5.5407       -55.43        -55.43        
55            55            -56.7157      -4.5763       -61.292       -61.292       
56            56            -49.4282      -3.9219       -53.3501      -53.3501      
57            57            -55.9786      -2.9714       -58.95        -58.95        
58            58            -48.6487      -5.2946       -53.9433      -53.9433      
59            59            -50.534       -4.5555       -55.0895      -55.0895      
60            60            -59.239       -1.6394       -60.8784      -60.8784      
61            61            -59.4928      -4.5214       -64.0142      -64.0142      
62            62            -50.923       -1.1011       -52.0241      -52.0241      
63            63            -49.0278      -5.5717       -54.5995      -54.5995      
64            64            -47.4676      -3.7522       -51.2198      -51.2198      
65            65            -50.8393      -4.9569       -55.7962      -55.7962      
66            66            -49.2068      -5.549        -54.7558      -54.7558      
67            67            -42.4523      -4.4968       -46.9491      -46.9491      
68            68            -52.2493      -3.2825       -55.5318      -55.5318      
69            69            -50.2349      -4.5023       -54.7372      -54.7372      
70            70            -54.2325      -1.3831       -55.6156      -55.6156      
71            71            -56.422       -0.8144       -57.2364      -57.2364      
72            72            -59.0021      -2.2319       -61.234       -61.234       
73            73            -53.6523      -3.0365       -56.6888      -56.6888      
74            74            -41.3135      -5.6821       -46.9956      -46.9956      
75            75            -44.1575      -4.9511       -49.1086      -49.1086      
76            76            -48.5668      -4.6542       -53.221       -53.221       
77            77            -42.3258      -2.4491       -44.7749      -44.7749      
78            78            -50.5191      -4.7819       -55.301       -55.301       
79            79            -59.9334      -2.5459       -62.4793      -62.4793      
80            80            -48.7543      -3.8954       -52.6497      -52.6497      
81            81            -43.2009      -4.8634       -48.0643      -48.0643      
82            82            -54.9093      -4.8244       -59.7337      -59.7337      
83            83            -49.309       -3.9338       -53.2428      -53.2428      
84            84            -44.7697      -5.4277       -50.1974      -50.1974      
85            85            -48.8517      -3.4675       -52.3192      -52.3192      
86            86            -52.1583      -2.5831       -54.7414      -54.7414      
87            87            -49.3116      -4.498        -53.8096      -53.8096      
88            88            -40.4882      -4.871        -45.3592      -45.3592      
89            89            -32.9341      -6.3069       -39.241       -39.241       
90            90            -50.5485      -3.5168       -54.0653      -54.0653      
91            91            -39.2194      -5.0619       -44.2813      -44.2813      
92            92            -44.9257      -5.1991       -50.1248      -50.1248      
93            93            -41.1592      -5.8031       -46.9623      -46.9623      
94            94            -45.5028      -4.448        -49.9508      -49.9508      
95            95            -49.266       -3.6966       -52.9626      -52.9626      
96            96            -52.5745      -4.38         -56.9545      -56.9545      
97            97            -47.3809      -4.7065       -52.0874      -52.0874      
98            98            -55.5849      -2.3897       -57.9746      -57.9746      
99            99            -47.8958      -5.1558       -53.0516      -53.0516      
100           100           -39.8374      -6.5212       -46.3586      -46.3586      
101           101           -47.5791      -4.4041       -51.9832      -51.9832      
102           102           -42.6922      -4.8497       -47.5419      -47.5419      
103           103           -43.7127      -4.6326       -48.3453      -48.3453      
104           104           -53.2992      -4.8791       -58.1783      -58.1783      
105           105           -57.1663      +3.6658       -53.5005      -53.5005      
106           106           -42.8466      -5.2788       -48.1254      -48.1254      
107           107           -50.8073      -5.2114       -56.0187      -56.0187      
108           108           -32.9905      -5.2754       -38.2659      -38.2659      
109           109           -49.1987      -2.9239       -52.1226      -52.1226      
110           110           -56.4113      -0.4755       -56.8868      -56.8868      
111           111           -54.9141      -2.8282       -57.7423      -57.7423      
112           112           -46.5402      -4.6699       -51.2101      -51.2101      
113           113           -43.7277      -4.2177       -47.9454      -47.9454      
114           114           -51.9847      -2.0028       -53.9875      -53.9875      
115           115           -53.1836      -1.4454       -54.629       -54.629       
116           116           -53.3984      -3.5985       -56.9969      -56.9969      
117           117           -53.2528      -1.927        -55.1798      -55.1798      
118           118           -49.1663      -4.6884       -53.8547      -53.8547      
119           119           -55.8741      -4.1943       -60.0684      -60.0684      
120           120           -49.1912      -4.5549       -53.7461      -53.7461      
121           121           -49.7905      -3.6241       -53.4146      -53.4146      
122           122           -60.2328      -2.3003       -62.5331      -62.5331      
123           123           -52.5854      -1.033        -53.6184      -53.6184      
124           124           -53.3204      -3.3989       -56.7193      -56.7193      
125           125           -47.4108      -4.5171       -51.9279      -51.9279      
126           126           -49.5326      -4.2638       -53.7964      -53.7964      
127           127           -42.4688      -4.741        -47.2098      -47.2098      
128           128           -56.3264      -4.754        -61.0804      -61.0804      
129           129           -55.7458      -3.6032       -59.349       -59.349       
130           130           -43.2916      -4.8377       -48.1293      -48.1293      
131           131           -49.2268      -5.0102       -54.237       -54.237       
132           132           -52.8563      -4.8828       -57.7391      -57.7391      
133           133           -50.5947      -4.7217       -55.3164      -55.3164      
134           134           -45.143       -4.3398       -49.4828      -49.4828      
135           135           -55.3375      -3.789        -59.1265      -59.1265      
136           136           -51.4002      -5.4272       -56.8274      -56.8274      
137           137           -53.7507      -2.0962       -55.8469      -55.8469      
138           138           -54.6635      -0.7755       -55.439       -55.439       
139           139           -40.4974      -5.5322       -46.0296      -46.0296      
140           140           -47.4095      -4.3785       -51.788       -51.788       
141           141           -39.6422      -6.3693       -46.0115      -46.0115      
142           142           -46.2112      -4.9772       -51.1884      -51.1884      
143           143           -47.2383      -4.5046       -51.7429      -51.7429      
144           144           -60.5209      -2.3087       -62.8296      -62.8296      
145           145           -55.847       -2.3659       -58.2129      -58.2129      
146           146           -49.9032      -4.7249       -54.6281      -54.6281      
147           147           -54.144       -4.495        -58.639       -58.639       
148           148           -50.8822      -4.4059       -55.2881      -55.2881      
149           149           -47.6177      -5.293        -52.9107      -52.9107      
150           150           -52.368       -2.3137       -54.6817      -54.6817      
151           151           -49.1439      -3.1148       -52.2587      -52.2587      
152           152           -54.7465      +0.3197       -54.4268      -54.4268      
153           153           -45.9346      -4.5848       -50.5194      -50.5194      
154           154           -42.3809      -4.9707       -47.3516      -47.3516      
155           155           -51.3304      -3.7          -55.0304      -55.0304      
156           156           -53.1221      -1.6688       -54.7909      -54.7909      
157           157           -50.1625      -4.198        -54.3605      -54.3605      
158           158           -50.7025      -4.4027       -55.1052      -55.1052      
159           159           -53.0698      -5.2549       -58.3247      -58.3247      
160           160           -55.9338      -1.9098       -57.8436      -57.8436      
161           161           -47.2452      -5.7907       -53.0359      -53.0359      
162           162           -43.1399      -5.0584       -48.1983      -48.1983      
163           163           -49.9135      -5.0085       -54.922       -54.922       
164           164           -54.5261      -2.7384       -57.2645      -57.2645      
165           165           -50.1842      -3.2548       -53.439       -53.439       
166           166           -50.0719      -4.8112       -54.8831      -54.8831      
167           167           -57.106       -4.5474       -61.6534      -61.6534      
168           168           -47.7247      -4.6812       -52.4059      -52.4059      
169           169           -55.0753      -4.8399       -59.9152      -59.9152      
170           170           -51.7795      -4.3747       -56.1542      -56.1542      
171           171           -47.6046      -4.9176       -52.5222      -52.5222      
172           172           -56.4167      -4.2753       -60.692       -60.692       
173           173           -48.1445      -4.9194       -53.0639      -53.0639      
174           174           -54.4232      -4.5946       -59.0178      -59.0178      
175           175           -62.3675      -1.5007       -63.8682      -63.8682      
176           176           -50.0257      -5.876        -55.9017      -55.9017      
177           177           -70.2479      +1.8487       -68.3992      -68.3992      
178           178           -47.2794      -5.0456       -52.325       -52.325       
179           179           -52.5032      -3.5095       -56.0127      -56.0127      
180           180           -49.8401      -5.263        -55.1031      -55.1031      
181           181           -46.7981      -4.2349       -51.033       -51.033       
182           182           -47.7482      -6.7574       -54.5056      -54.5056      
183           183           -49.6534      -2.691        -52.3444      -52.3444      
184           184           -52.2873      -5.1231       -57.4104      -57.4104      
185           185           -45.0698      -5.3173       -50.3871      -50.3871      
186           186           -49.4183      -5.9064       -55.3247      -55.3247      
187           187           -57.9419      -3.0424       -60.9843      -60.9843      
188           188           -49.3114      -5.7607       -55.0721      -55.0721      
189           189           -53.0117      -4.3123       -57.324       -57.324       
190           190           -51.856       -4.8308       -56.6868      -56.6868      
191           191           -49.5224      -5.5845       -55.1069      -55.1069      
192           192           -49.1183      -5.468        -54.5863      -54.5863      
193           193           -47.9633      -4.5366       -52.4999      -52.4999      
194           194           -51.1243      -4.8442       -55.9685      -55.9685      
195           195           -53.535       -4.8496       -58.3846      -58.3846      
196           196           -55.272       -4.0304       -59.3024      -59.3024      
197           197           -43.7503      -4.5269       -48.2772      -48.2772      
198           198           -47.3374      -6.048        -53.3854      -53.3854      
199           199           -54.0641      -1.6058       -55.6699      -55.6699      
200           200           -49.0216      -5.1226       -54.1442      -54.1442      
201           201           -56.8423      -3.0915       -59.9338      -59.9338      
202           202           -49.2581      -4.1878       -53.4459      -53.4459      
203           203           -50.1518      -5.8301       -55.9819      -55.9819      
204           204           -45.0522      -4.6659       -49.7181      -49.7181      
205           205           -46.8313      -4.9718       -51.8031      -51.8031      
206           206           -48.9472      -5.2867       -54.2339      -54.2339      
207           207           -46.331       -5.1683       -51.4993      -51.4993      
208           208           -44.3295      -5.6196       -49.9491      -49.9491      
209           209           -47.5935      -4.2446       -51.8381      -51.8381      
210           210           -41.5643      -5.9321       -47.4964      -47.4964      
211           211           -48.5696      -5.4523       -54.0219      -54.0219      
212           212           -57.1836      -4.2118       -61.3954      -61.3954      
213           213           -48.4458      -5.8717       -54.3175      -54.3175      
214           214           -33.7939      -6.5132       -40.3071      -40.3071      
215           215           -37.2952      -7.183        -44.4782      -44.4782      
216           216           -47.7175      -6.0632       -53.7807      -53.7807      
217           217           -35.8879      -6.6294       -42.5173      -42.5173      
218           218           -41.462       -6.7078       -48.1698      -48.1698      
219           219           -42.5141      -5.5033       -48.0174      -48.0174      
220           220           -41.6021      -6.7118       -48.3139      -48.3139      
221           221           -44.7775      -4.8737       -49.6512      -49.6512      
222           222           -41.114       -6.9557       -48.0697      -48.0697      
223           223           -33.0518      -5.5071       -38.5589      -38.5589      
224           224           -47.1811      -5.3545       -52.5356      -52.5356      
225           225           -47.6943      -6.0789       -53.7732      -53.7732      
226           226           -48.5678      -3.0634       -51.6312      -51.6312      
227           227           -50.4965      -5.6971       -56.1936      -56.1936      
228           228           -42.2664      -5.8565       -48.1229      -48.1229      
229           229           -49.6748      -3.234        -52.9088      -52.9088      
230           230           -54.8312      -2.4333       -57.2645      -57.2645      
231           231           -52.9509      -1.1365       -54.0874      -54.0874      
232           232           -48.3791      -2.6926       -51.0717      -51.0717      
233           233           -53.2599      -3.4714       -56.7313      -56.7313      
234           234           -48.0134      -4.181        -52.1944      -52.1944      
235           235           -47.333       -5.8471       -53.1801      -53.1801      
236           236           -48.4283      -5.7388       -54.1671      -54.1671      
237           237           -40.1556      -5.7141       -45.8697      -45.8697      
238           238           -48.3484      -3.3333       -51.6817      -51.6817      
239           239           -45.9745      -5.6784       -51.6529      -51.6529      
240           240           -45.6006      -4.5434       -50.144       -50.144       
241           241           -46.4691      -5.1697       -51.6388      -51.6388      
242           242           -50.9325      -3.6909       -54.6234      -54.6234      
243           243           -44.5363      -5.6724       -50.2087      -50.2087      
244           244           -52.1873      -3.0031       -55.1904      -55.1904      
245           245           -48.2795      -5.0812       -53.3607      -53.3607      
246           246           -52.108       -3.8124       -55.9204      -55.9204      
247           247           -50.5577      -1.1993       -51.757       -51.757       
248           248           -48.1595      -5.6152       -53.7747      -53.7747      
249           249           -49.1125      -5.724        -54.8365      -54.8365      
250           250           -48.9613      -4.8438       -53.8051      -53.8051      
251           251           -42.0801      -6.1581       -48.2382      -48.2382      
252           252           -42.5968      -4.162        -46.7588      -46.7588      
253           253           -44.2588      -6.2564       -50.5152      -50.5152      
254           254           -45.1351      -2.438        -47.5731      -47.5731      
255           255           -44.5083      -5.9947       -50.503       -50.503       
256           256           -40.0512      -4.5098       -44.561       -44.561       
257           257           -44.5401      -6.1242       -50.6643      -50.6643      
258           258           -45.7023      -5.17         -50.8723      -50.8723      
259           259           -60.1362      -4.7204       -64.8566      -64.8566      
260           260           -51.5165      -2.6884       -54.2049      -54.2049      
261           261           -51.3907      -6.0632       -57.4539      -57.4539      
262           262           -49.4025      -4.1555       -53.558       -53.558       
263           263           -46.9226      -4.4131       -51.3357      -51.3357      
264           264           -48.6166      -5.2773       -53.8939      -53.8939      
265           265           -51.9184      -5.1081       -57.0265      -57.0265      
266           266           -44.3491      -5.9741       -50.3232      -50.3232      
267           267           -44.882       -3.4302       -48.3122      -48.3122      
268           268           -55.7177      -2.249        -57.9667      -57.9667      
269           269           -47.5232      -5.0521       -52.5753      -52.5753      
270           270           -49.8134      -4.2732       -54.0866      -54.0866      
271           271           -41.1016      -5.2489       -46.3505      -46.3505      
272           272           -43.3073      -6.3064       -49.6137      -49.6137      
273           273           -46.1833      -3.5982       -49.7815      -49.7815      
274           274           -44.4599      -6.3426       -50.8025      -50.8025      
275           275           -46.1566      -6.1061       -52.2627      -52.2627      
276           276           -35.4564      -6.3411       -41.7975      -41.7975      
277           277           -47.1979      -5.4872       -52.6851      -52.6851      
278           278           -55.4335      -5.1322       -60.5657      -60.5657      
279           279           -48.3691      -6.0659       -54.435       -54.435       
280           280           -51.361       -5.0856       -56.4466      -56.4466      
281           281           -38.7171      -6.1508       -44.8679      -44.8679      
282           282           -46.6525      -5.7027       -52.3552      -52.3552      
283           283           -48.7561      -6.2047       -54.9608      -54.9608      
284           284           -54.7822      -2.6823       -57.4645      -57.4645      
285           285           -34.5165      -5.9912       -40.5077      -40.5077      
286           286           -39.3115      -7.2759       -46.5874      -46.5874      
287           287           -51.5893      -0.7327       -52.322       -52.322       
288           288           -47.4959      -4.7426       -52.2385      -52.2385      
289           289           -59.3655      -5.3029       -64.6684      -64.6684      
290           290           -46.2617      -5.6074       -51.8691      -51.8691      
291           291           -36.9015      -5.8441       -42.7456      -42.7456      
292           292           -45.0485      -4.1474       -49.1959      -49.1959      
293           293           -52.7874      -4.4356       -57.223       -57.223       
294           294           -48.9892      -3.6304       -52.6196      -52.6196      
295           295           -45.1035      -6.3079       -51.4114      -51.4114      
296           296           -44.4733      -3.5204       -47.9937      -47.9937      
297           297           -48.5506      -6.0321       -54.5827      -54.5827      
298           298           -60.7692      -0.0694       -60.8386      -60.8386      
299           299           -47.3222      -4.0219       -51.3441      -51.3441      
300           300           -46.0306      -6.4235       -52.4541      -52.4541      
301           301           -45.5913      -5.3579       -50.9492      -50.9492      
302           302           -51.5215      -5.566        -57.0875      -57.0875      
303           303           -47.6891      -6.1316       -53.8207      -53.8207      
304           304           -53.7501      -3.1346       -56.8847      -56.8847      
305           305           -46.6734      -4.5598       -51.2332      -51.2332      
306           306           -45.7524      -5.4188       -51.1712      -51.1712      
307           307           -41.4151      -5.817        -47.2321      -47.2321      
308           308           -49.7036      -5.8023       -55.5059      -55.5059      
309           309           -53.8217      -4.1716       -57.9933      -57.9933      
310           310           -50.9308      -4.6989       -55.6297      -55.6297      
311           311           -54.9588      -6.6718       -61.6306      -61.6306      
312           312           -57.645       -3.7829       -61.4279      -61.4279      
313           313           -45.2918      -6.2546       -51.5464      -51.5464      
314           314           -51.0666      -5.7936       -56.8602      -56.8602      
315           315           -46.4941      -4.7917       -51.2858      -51.2858      
316           316           -58.1793      -0.3441       -58.5234      -58.5234      
317           317           -59.6173      -4.4786       -64.0959      -64.0959      
318           318           -56.254       -0.9818       -57.2358      -57.2358      
319           319           -49.9358      -4.6955       -54.6313      -54.6313      
320           320           -48.7293      -5.4963       -54.2256      -54.2256      
321           321           -53.7768      -5.1017       -58.8785      -58.8785      
322           322           -53.9881      -4.677        -58.6651      -58.6651      
323           323           -51.5979      -5.4167       -57.0146      -57.0146      
324           324           -52.182       -3.1347       -55.3167      -55.3167      
325           325           -50.0866      -3.4604       -53.547       -53.547       
326           326           -41.7104      -6.3721       -48.0825      -48.0825      
327           327           -49.0457      -5.3461       -54.3918      -54.3918      
328           328           -50.693       -3.4903       -54.1833      -54.1833      
329           329           -44.502       -6.1547       -50.6567      -50.6567      
330           330           -56.1743      -3.3044       -59.4787      -59.4787      
331           331           -45.1897      -5.8835       -51.0732      -51.0732      
332           332           -51.2903      -5.7009       -56.9912      -56.9912      
333           333           -49.5643      -5.0295       -54.5938      -54.5938      
334           334           -47.9181      -5.1994       -53.1175      -53.1175      
335           335           -45.591       -4.9147       -50.5057      -50.5057      
336           336           -43.588       -5.1797       -48.7677      -48.7677      
337           337           -45.2037      -5.66         -50.8637      -50.8637      
338           338           -50.7242      -2.5831       -53.3073      -53.3073      
339           339           -53.6365      -4.0794       -57.7159      -57.7159      
340           340           -51.2703      -4.6961       -55.9664      -55.9664      
341           341           -53.3328      -4.7556       -58.0884      -58.0884      
342           342           -46.6306      -5.4858       -52.1164      -52.1164      
343           343           -49.0774      -2.9232       -52.0006      -52.0006      
344           344           -38.8829      -5.8083       -44.6912      -44.6912      
345           345           -42.0058      -6.1454       -48.1512      -48.1512      
346           346           -41.9626      -5.8446       -47.8072      -47.8072      
347           347           -50.7612      -5.0379       -55.7991      -55.7991      
348           348           -46.6414      -6.1524       -52.7938      -52.7938      
349           349           -67.113       -2.8799       -69.9929      -69.9929      
350           350           -42.8245      -6.3812       -49.2057      -49.2057      
351           351           -42.8954      -6.4619       -49.3573      -49.3573      
352           352           -53.7295      -4.954        -58.6835      -58.6835      
353           353           -52.7554      -4.1438       -56.8992      -56.8992      
354           354           -52.6671      -1.9012       -54.5683      -54.5683      
355           355           -58.1233      -4.0715       -62.1948      -62.1948      
356           356           -53.9229      -3.3465       -57.2694      -57.2694      
357           357           -50.5518      -6.2948       -56.8466      -56.8466      
358           358           -56.8892      -4.7448       -61.634       -61.634       
359           359           -43.8608      -6.2166       -50.0774      -50.0774      
360           360           -53.4954      -4.9157       -58.4111      -58.4111      
361           361           -53.4223      -4.8851       -58.3074      -58.3074      
362           362           -59.7487      -3.6788       -63.4275      -63.4275      
363           363           -50.7043      -4.9291       -55.6334      -55.6334      
364           364           -40.9626      -5.4365       -46.3991      -46.3991      
365           365           -49.444       -3.733        -53.177       -53.177       
366           366           -56.9051      -4.3943       -61.2994      -61.2994      
367           367           -50.6127      -3.538        -54.1507      -54.1507      
368           368           -49.0642      -1.1338       -50.198       -50.198       
369           369           -55.155       -3.9629       -59.1179      -59.1179      
370           370           -45.1731      -5.2762       -50.4493      -50.4493      
371           371           -42.4621      -5.9293       -48.3914      -48.3914      
372           372           -56.4897      -2.7916       -59.2813      -59.2813      
373           373           -59.4301      -4.1637       -63.5938      -63.5938      
374           374           -53.8         -4.3341       -58.1341      -58.1341      
375           375           -51.4019      -3.8508       -55.2527      -55.2527      
376           376           -51.0936      -3.7308       -54.8244      -54.8244      
377           377           -57.1062      -3.9674       -61.0736      -61.0736      
378           378           -54.944       -1.4838       -56.4278      -56.4278      
379           379           -42.9993      -5.9634       -48.9627      -48.9627      
380           380           -41.146       -4.3404       -45.4864      -45.4864      
381           381           -51.7772      -5.7683       -57.5455      -57.5455      
382           382           -46.2033      -5.4912       -51.6945      -51.6945      
383           383           -48.3262      -3.1023       -51.4285      -51.4285      
384           384           -54.7583      -5.2816       -60.0399      -60.0399      
385           385           -50.5512      -4.5346       -55.0858      -55.0858      
386           386           -50.211       -4.609        -54.82        -54.82        
387           387           -52.1923      -3.4073       -55.5996      -55.5996      
388           388           -46.9968      -5.5104       -52.5072      -52.5072      
389           389           -43.731       -5.8307       -49.5617      -49.5617      
390           390           -45.9366      -5.3059       -51.2425      -51.2425      
391           391           -42.757       -6.2397       -48.9967      -48.9967      
392           392           -44.8998      -4.5364       -49.4362      -49.4362      
393           393           -54.3299      -1.1606       -55.4905      -55.4905      
394           394           -48.9029      -5.8661       -54.769       -54.769       
395           395           -46.0247      -5.5259       -51.5506      -51.5506      
396           396           -46.5732      -4.8083       -51.3815      -51.3815      
397           397           -44.3121      -5.3018       -49.6139      -49.6139      
398           398           -44.2083      -5.2694       -49.4777      -49.4777      
399           399           -43.7121      -4.0179       -47.73        -47.73        
400           400           -53.0494      -4.6618       -57.7112      -57.7112      
401           401           -53.0967      -2.964        -56.0607      -56.0607      
402           402           -48.5815      -5.5279       -54.1094      -54.1094      
403           403           -45.7708      -3.789        -49.5598      -49.5598      
404           404           -52.815       -4.1939       -57.0089      -57.0089      
405           405           -48.3285      -3.1654       -51.4939      -51.4939      
406           406           -54.9298      -2.3761       -57.3059      -57.3059      
407           407           -46.9151      -3.5631       -50.4782      -50.4782      
408           408           -47.2141      -3.7062       -50.9203      -50.9203      
409           409           -45.3845      -5.9164       -51.3009      -51.3009      
410           410           -55.1729      -2.8094       -57.9823      -57.9823      
411           411           -42.5189      -5.3676       -47.8865      -47.8865      
412           412           -46.7198      -3.9305       -50.6503      -50.6503      
413           413           -68.3301      -2.6906       -71.0207      -71.0207      
414           414           -69.9029      -3.1749       -73.0778      -73.0778      
415           415           -56.0754      -4.2516       -60.327       -60.327       
416           416           -49.4635      -5.1453       -54.6088      -54.6088      
417           417           -50.3536      -3.3248       -53.6784      -53.6784      
418           418           -35.7749      -4.9826       -40.7575      -40.7575      
419           419           -45.8943      -4.0033       -49.8976      -49.8976      
420           420           -34.9481      -5.3931       -40.3412      -40.3412      
421           421           -51.3816      -3.6347       -55.0163      -55.0163      
422           422           -50.3409      -4.1199       -54.4608      -54.4608      
423           423           -55.2311      -4.6037       -59.8348      -59.8348      
424           424           -47.4471      -2.0848       -49.5319      -49.5319      
425           425           -36.5607      -3.4619       -40.0226      -40.0226      
426           426           -44.1117      -4.2714       -48.3831      -48.3831      
427           427           -50.4387      -2.6096       -53.0483      -53.0483      
428           428           -57.3008      -2.0837       -59.3845      -59.3845      
429           429           -51.9599      -4.2188       -56.1787      -56.1787      
430           430           -44.2358      -4.2771       -48.5129      -48.5129      
431           431           -50.9451      -1.9092       -52.8543      -52.8543      
432           432           -50.5878      -3.4214       -54.0092      -54.0092      
433           433           -50.5519      -3.97         -54.5219      -54.5219      
434           434           -33.3066      -4.1811       -37.4877      -37.4877      
435           435           -47.4662      -2.6595       -50.1257      -50.1257      
436           436           -61.6894      -4.0563       -65.7457      -65.7457      
437           437           -41.2647      -4.6347       -45.8994      -45.8994      
438           438           -45.2319      -4.011        -49.2429      -49.2429      
439           439           -46.1164      -3.8039       -49.9203      -49.9203      
440           440           -54.7099      -1.7954       -56.5053      -56.5053      
441           441           -52.0876      -3.4843       -55.5719      -55.5719      
442           442           -45.8351      -3.5912       -49.4263      -49.4263      
443           443           -38.5237      -5.051        -43.5747      -43.5747      
444           444           -48.5152      -4.7929       -53.3081      -53.3081      
445           445           -41.6574      -4.8372       -46.4946      -46.4946      
446           446           -46.9918      -4.7361       -51.7279      -51.7279      
447           447           -39.3492      -4.0955       -43.4447      -43.4447      
448           448           -54.2546      -3.3667       -57.6213      -57.6213      
449           449           -48.1303      -3.805        -51.9353      -51.9353      
450           450           -51.1564      -2.7277       -53.8841      -53.8841      
451           451           -47.1724      -4.4625       -51.6349      -51.6349      
452           452           -44.311       -3.9394       -48.2504      -48.2504      
453           453           -43.8297      -4.1405       -47.9702      -47.9702      
454           454           -45.5135      -4.0993       -49.6128      -49.6128      
455           455           -53.1849      -3.7233       -56.9082      -56.9082      
456           456           -42.9062      -4.685        -47.5912      -47.5912      
457           457           -52.2155      -2.7078       -54.9233      -54.9233      
458           458           -54.2935      -3.9757       -58.2692      -58.2692      
459           459           -51.3297      -3.6979       -55.0276      -55.0276      
460           460           -49.5901      -3.0189       -52.609       -52.609       
461           461           -37.8848      -4.0712       -41.956       -41.956       
462           462           -34.7613      -4.4968       -39.2581      -39.2581      
463           463           -34.6825      -5.0166       -39.6991      -39.6991      
464           464           -37.0292      -5.8302       -42.8594      -42.8594      
465           465           -53.3322      -2.5589       -55.8911      -55.8911      
466           466           -66.8416      -0.9065       -67.7481      -67.7481      
467           467           -41.1663      -3.8443       -45.0106      -45.0106      
468           468           -45.8284      -4.051        -49.8794      -49.8794      
469           469           -39.9018      -4.1801       -44.0819      -44.0819      
470           470           -33.9241      -3.6563       -37.5804      -37.5804      
471           471           -45.1806      -3.9748       -49.1554      -49.1554      
472           472           -50.4939      -3.508        -54.0019      -54.0019      
473           473           -45.8037      -2.7944       -48.5981      -48.5981      
474           474           -56.0506      -4.7771       -60.8277      -60.8277      
475           475           -43.2145      -4.7862       -48.0007      -48.0007      
476           476           -55.9031      +0.3041       -55.599       -55.599       
477           477           -51.7568      -3.6969       -55.4537      -55.4537      
478           478           -53.0501      -2.7185       -55.7686      -55.7686      
479           479           -51.9616      -4.2302       -56.1918      -56.1918      
480           480           -50.7834      -3.0336       -53.817       -53.817       
481           481           -51.0859      -1.583        -52.6689      -52.6689      
482           482           -58.1529      -3.4229       -61.5758      -61.5758      
483           483           -56.6893      -3.0529       -59.7422      -59.7422      
484           484           -42.7637      -5.1792       -47.9429      -47.9429      
485           485           -44.7418      -3.9179       -48.6597      -48.6597      
486           486           -46.3153      -4.9664       -51.2817      -51.2817      
487           487           -58.7025      -1.3629       -60.0654      -60.0654      
488           488           -48.0747      -5.2846       -53.3593      -53.3593      
489           489           -49.3952      -2.726        -52.1212      -52.1212      
490           490           -49.7378      -5.4783       -55.2161      -55.2161      
491           491           -45.4595      -4.9049       -50.3644      -50.3644      
492           492           -52.9674      -5.3029       -58.2703      -58.2703      
493           493           -47.3077      -4.4888       -51.7965      -51.7965      
494           494           -37.5957      -5.8279       -43.4236      -43.4236      
495           495           -47.0056      -4.442        -51.4476      -51.4476      
496           496           -49.0279      -4.3952       -53.4231      -53.4231      
497           497           -54.0709      -2.7229       -56.7938      -56.7938      
498           498           -39.488       -5.821        -45.309       -45.309       
499           499           -53.6965      -2.5982       -56.2947      -56.2947      
500           500           -50.2416      -3.5824       -53.824       -53.824       
501           501           -46.0258      -3.2986       -49.3244      -49.3244      
502           502           -51.9738      -0.0385       -52.0123      -52.0123      
503           503           -48.3505      -4.1376       -52.4881      -52.4881      
504           504           -46.8565      -3.6728       -50.5293      -50.5293      
505           505           -47.7071      -4.9777       -52.6848      -52.6848      
506           506           -49.3172      -4.8508       -54.168       -54.168       
507           507           -50.0194      -5.3426       -55.362       -55.362       
508           508           -43.8249      -5.3839       -49.2088      -49.2088      
509           509           -48.5056      -4.3803       -52.8859      -52.8859      
510           510           -52.1009      -2.7979       -54.8988      -54.8988      
511           511           -60.2482      -2.4241       -62.6723      -62.6723      
512           512           -64.715       -1.8988       -66.6138      -66.6138      
513           513           -54.65        -4.0434       -58.6934      -58.6934      
514           514           -45.2172      -5.25         -50.4672      -50.4672      
515           515           -39.9581      -3.9093       -43.8674      -43.8674      
516           516           -48.1547      -5.9489       -54.1036      -54.1036      
517           517           -57.9404      -2.5955       -60.5359      -60.5359      
518           518           -39.9856      -5.7334       -45.719       -45.719       
519           519           -47.9579      -4.8856       -52.8435      -52.8435      
520           520           -54.3135      -3.8944       -58.2079      -58.2079      
521           521           -49.4545      -3.9          -53.3545      -53.3545      
522           522           -55.333       -4.089        -59.422       -59.422       
523           523           -48.9033      -2.2471       -51.1504      -51.1504      
524           524           -57.3886      -1.6739       -59.0625      -59.0625      
525           525           -52.7985      -1.8614       -54.6599      -54.6599      
526           526           -49.5598      -3.3778       -52.9376      -52.9376      
527           527           -44.5947      -4.1304       -48.7251      -48.7251      
528           528           -61.0638      +0.3145       -60.7493      -60.7493      
529           529           -57.9859      -0.6706       -58.6565      -58.6565      
530           530           -49.7054      -2.2861       -51.9915      -51.9915      
531           531           -47.3355      -3.0824       -50.4179      -50.4179      
532           532           -54.8712      -0.8803       -55.7515      -55.7515      
533           533           -50.4546      -4.0419       -54.4965      -54.4965      
534           534           -40.0441      -5.8286       -45.8727      -45.8727      
535           535           -45.0597      -4.0759       -49.1356      -49.1356      
536           536           -57.4834      -3.8143       -61.2977      -61.2977      
537           537           -57.8756      -3.1482       -61.0238      -61.0238      
538           538           -40.1989      -5.9031       -46.102       -46.102       
539           539           -34.1398      -5.1984       -39.3382      -39.3382      
540           540           -45.9568      -4.8431       -50.7999      -50.7999      
541           541           -54.4018      -3.2927       -57.6945      -57.6945      
542           542           -42.4613      -5.3771       -47.8384      -47.8384      
543           543           -52.9021      -4.8009       -57.703       -57.703       
544           544           -48.3537      -4.414        -52.7677      -52.7677      
545           545           -46.3524      -5.5408       -51.8932      -51.8932      
546           546           -51.0621      -2.985        -54.0471      -54.0471      
547           547           -41.9528      -2.6317       -44.5845      -44.5845      
548           548           -51.5386      -4.6382       -56.1768      -56.1768      
549           549           -45.653       -5.2174       -50.8704      -50.8704      
550           550           -50.7254      -3.5345       -54.2599      -54.2599      
551           551           -52.6976      -1.9281       -54.6257      -54.6257      
552           552           -54.9867      -2.4396       -57.4263      -57.4263      
553           553           -49.1641      -4.8588       -54.0229      -54.0229      
554           554           -49.5532      -2.8144       -52.3676      -52.3676      
555           555           -58.4047      -4.2642       -62.6689      -62.6689      
556           556           -48.5148      -4.1173       -52.6321      -52.6321      
557           557           -47.9332      -5.3081       -53.2413      -53.2413      
558           558           -45.7135      -4.1081       -49.8216      -49.8216      
559           559           -45.9969      -1.046        -47.0429      -47.0429      
560           560           -45.6779      -4.2373       -49.9152      -49.9152      
561           561           -48.9031      -4.3225       -53.2256      -53.2256      
562           562           -46.9111      -5.621        -52.5321      -52.5321      
563           563           -50.6258      -5.9734       -56.5992      -56.5992      
564           564           -50.6375      -1.8737       -52.5112      -52.5112      
565           565           -50.12        -4.2392       -54.3592      -54.3592      
566           566           -41.4789      -4.2527       -45.7316      -45.7316      
567           567           -39.4286      -4.1867       -43.6153      -43.6153      
568           568           -48.0337      -3.0211       -51.0548      -51.0548      
569           569           -48.2687      -3.1804       -51.4491      -51.4491      
570           570           -47.321       -2.7496       -50.0706      -50.0706      
571           571           -49.6352      -0.4632       -50.0984      -50.0984      
572           572           -52.3846      -2.8661       -55.2507      -55.2507      
573           573           -50.4071      -4.3686       -54.7757      -54.7757      
574           574           -48.4784      -4.8182       -53.2966      -53.2966      
575           575           -48.0687      -4.2677       -52.3364      -52.3364      
576           576           -48.1908      -3.4838       -51.6746      -51.6746      
577           577           -51.1273      -3.4493       -54.5766      -54.5766      
578           578           -49.7699      -2.4722       -52.2421      -52.2421      
579           579           -46.7859      -2.2216       -49.0075      -49.0075      
580           580           -53.337       -1.8942       -55.2312      -55.2312      
581           581           -47.7383      -4.1244       -51.8627      -51.8627      
582           582           -46.6891      -4.3324       -51.0215      -51.0215      
583           583           -44.6569      -3.9398       -48.5967      -48.5967      
584           584           -45.1732      -2.7175       -47.8907      -47.8907      
585           585           -49.1313      -1.7031       -50.8344      -50.8344      
586           586           -46.2086      -3.5073       -49.7159      -49.7159      
587           587           -51.6416      -2.8472       -54.4888      -54.4888      
588           588           -48.5394      -3.4114       -51.9508      -51.9508      
589           589           -51.0147      -2.4491       -53.4638      -53.4638      
590           590           -49.8822      -3.9882       -53.8704      -53.8704      
591           591           -51.0546      -3.2131       -54.2677      -54.2677      
592           592           -37.9872      -5.4378       -43.425       -43.425       
593           593           -55.0798      -1.8891       -56.9689      -56.9689      
594           594           -49.4386      -4.5165       -53.9551      -53.9551      
595           595           -44.8396      -5.1568       -49.9964      -49.9964      
596           596           -41.601       -5.0136       -46.6146      -46.6146      
597           597           -51.3315      -2.3863       -53.7178      -53.7178      
598           598           -39.3545      -3.9624       -43.3169      -43.3169      
599           599           -34.9217      -4.594        -39.5157      -39.5157      
600           600           -49.4985      -1.5916       -51.0901      -51.0901      
601           601           -42.9253      -3.0973       -46.0226      -46.0226      
602           602           -45.3773      -1.9955       -47.3728      -47.3728      
603           603           -40.7643      -4.0159       -44.7802      -44.7802      
604           604           -51.742       -1.2109       -52.9529      -52.9529      
605           605           -44.0932      -4.4091       -48.5023      -48.5023      
606           606           -40.697       -4.4318       -45.1288      -45.1288      
607           607           -49.9513      -2.7122       -52.6635      -52.6635      
608           608           -56.1913      -3.2116       -59.4029      -59.4029      
609           609           -37.673       -4.1426       -41.8156      -41.8156      
610           610           -51.0237      -0.1436       -51.1673      -51.1673      
611           611           -46.8639      -2.4519       -49.3158      -49.3158      
612           612           -49.2971      -3.4709       -52.768       -52.768       
613           613           -45.2573      -3.5816       -48.8389      -48.8389      
614           614           -48.4433      -3.5736       -52.0169      -52.0169      
615           615           -46.23        -5.7449       -51.9749      -51.9749      
616           616           -49.6865      -4.2683       -53.9548      -53.9548      
617           617           -49.5073      -1.9201       -51.4274      -51.4274      
618           618           -48.5843      -3.4138       -51.9981      -51.9981      
619           619           -51.4953      -4.2995       -55.7948      -55.7948      
620           620           -44.456       -3.6871       -48.1431      -48.1431      
621           621           -45.4155      -3.9256       -49.3411      -49.3411      
622           622           -42.948       -4.5649       -47.5129      -47.5129      
623           623           -50.1071      -1.9688       -52.0759      -52.0759      
624           624           -55.184       -2.0577       -57.2417      -57.2417      
625           625           -37.3059      -5.1417       -42.4476      -42.4476      
626           626           -43.0128      -5.3168       -48.3296      -48.3296      
627           627           -49.3316      -4.9849       -54.3165      -54.3165      
628           628           -49.4863      -5.0459       -54.5322      -54.5322      
629           629           -48.6866      -3.1887       -51.8753      -51.8753      
630           630           -51.1956      -4.935        -56.1306      -56.1306      
631           631           -53.7517      -3.8624       -57.6141      -57.6141      
632           632           -39.5128      -5.9012       -45.414       -45.414       
633           633           -43.9365      -5.581        -49.5175      -49.5175      
634           634           -38.9821      -4.5072       -43.4893      -43.4893      
635           635           -43.2837      -4.3499       -47.6336      -47.6336      
636           636           -38.2464      -6.1691       -44.4155      -44.4155      
637           637           -50.3512      -1.7133       -52.0645      -52.0645      
638           638           -49.874       -2.674        -52.548       -52.548       
639           639           -48.2133      -5.3624       -53.5757      -53.5757      
640           640           -47.6091      -5.4108       -53.0199      -53.0199      
641           641           -44.3442      -5.1376       -49.4818      -49.4818      
642           642           -38.5         -4.1584       -42.6584      -42.6584      
643           643           -47.2764      -4.1768       -51.4532      -51.4532      
644           644           -52.09        -4.8582       -56.9482      -56.9482      
645           645           -42.1875      -4.9779       -47.1654      -47.1654      
646           646           -42.5527      -5.9322       -48.4849      -48.4849      
647           647           -50.0351      -2.0619       -52.097       -52.097       
648           648           -50.9932      -3.2783       -54.2715      -54.2715      
649           649           -51.3764      -3.66         -55.0364      -55.0364      
650           650           -53.2775      -3.8506       -57.1281      -57.1281      
651           651           -49.4931      -3.4128       -52.9059      -52.9059      
652           652           -48.0558      -5.5736       -53.6294      -53.6294      
653           653           -51.4942      -4.0703       -55.5645      -55.5645      
654           654           -49.1262      -4.6382       -53.7644      -53.7644      
655           655           -48.4211      -4.4394       -52.8605      -52.8605      
656           656           -45.4229      -4.2276       -49.6505      -49.6505      
657           657           -48.3168      -4.2815       -52.5983      -52.5983      
658           658           -50.7558      -5.0839       -55.8397      -55.8397      
659           659           -44.1813      -4.3819       -48.5632      -48.5632      
660           660           -54.2082      -3.9286       -58.1368      -58.1368      
661           661           -52.9163      -3.3189       -56.2352      -56.2352      
662           662           -51.3608      -5.6235       -56.9843      -56.9843      
663           663           -45.3375      -5.7561       -51.0936      -51.0936      
664           664           -44.168       -4.6595       -48.8275      -48.8275      
665           665           -52.787       -3.2072       -55.9942      -55.9942      
666           666           -49.0032      -6.4074       -55.4106      -55.4106      
667           667           -51.1491      -5.6277       -56.7768      -56.7768      
668           668           -44.9426      -6.5598       -51.5024      -51.5024      
669           669           -53.0414      -4.462        -57.5034      -57.5034      
670           670           -50.8721      -4.8865       -55.7586      -55.7586      
671           671           -51.5283      -4.2958       -55.8241      -55.8241      
672           672           -47.9383      -5.0998       -53.0381      -53.0381      
673           673           -39.2702      -4.9561       -44.2263      -44.2263      
674           674           -50.5149      -3.0518       -53.5667      -53.5667      
675           675           -44.6835      -4.4823       -49.1658      -49.1658      
676           676           -39.4978      -5.6195       -45.1173      -45.1173      
677           677           -41.4303      -4.3726       -45.8029      -45.8029      
678           678           -34.4425      -5.5204       -39.9629      -39.9629      
679           679           -51.9567      -2.8923       -54.849       -54.849       
680           680           -43.1493      -5.9203       -49.0696      -49.0696      
681           681           -49.0783      -4.4609       -53.5392      -53.5392      
682           682           -47.7713      -6.2074       -53.9787      -53.9787      
683           683           -50.7644      -4.7237       -55.4881      -55.4881      
684           684           -48.4048      -4.2426       -52.6474      -52.6474      
685           685           -48.3737      -5.1616       -53.5353      -53.5353      
686           686           -42.9313      -5.782        -48.7133      -48.7133      
687           687           -43.0401      -5.1914       -48.2315      -48.2315      
688           688           -50.0751      -2.7309       -52.806       -52.806       
689           689           -46.7017      -5.0365       -51.7382      -51.7382      
690           690           -47.3768      -5.4103       -52.7871      -52.7871      
691           691           -54.2229      -3.619        -57.8419      -57.8419      
692           692           -52.9077      -4.7854       -57.6931      -57.6931      
693           693           -49.2968      -5.2209       -54.5177      -54.5177      
694           694           -38.6544      -6.2698       -44.9242      -44.9242      
695           695           -53.3832      -3.9605       -57.3437      -57.3437      
696           696           -43.9399      -5.8661       -49.806       -49.806       
697           697           -44.981       -4.6206       -49.6016      -49.6016      
698           698           -51.7597      -4.5743       -56.334       -56.334       
699           699           -43.9238      -6.15         -50.0738      -50.0738      
700           700           -54.1134      -4.5064       -58.6198      -58.6198      
701           701           -51.64        -6.3888       -58.0288      -58.0288      
702           702           -57.9909      -3.9312       -61.9221      -61.9221      
703           703           -49.758       -5.7252       -55.4832      -55.4832      
704           704           -50.7387      -3.3492       -54.0879      -54.0879      
705           705           -47.1947      -4.1892       -51.3839      -51.3839      
706           706           -48.7642      -4.2696       -53.0338      -53.0338      
707           707           -51.1446      -4.8212       -55.9658      -55.9658      
708           708           -40.9526      -5.7998       -46.7524      -46.7524      
709           709           -50.0241      -5.2606       -55.2847      -55.2847      
710           710           -51.8564      -3.9017       -55.7581      -55.7581      
711           711           -46.0126      -6.1912       -52.2038      -52.2038      
712           712           -45.2558      -4.0799       -49.3357      -49.3357      
713           713           -38.2041      -6.1762       -44.3803      -44.3803      
714           714           -49.705       -3.8284       -53.5334      -53.5334      
715           715           -48.9951      -5.802        -54.7971      -54.7971      
716           716           -42.7015      -6.1046       -48.8061      -48.8061      
717           717           -50.875       -5.2722       -56.1472      -56.1472      
718           718           -48.9787      -3.8215       -52.8002      -52.8002      
719           719           -44.9307      -4.675        -49.6057      -49.6057      
720           720           -59.998       -3.1877       -63.1857      -63.1857      
721           721           -45.9853      -3.6373       -49.6226      -49.6226      
722           722           -49.2233      -5.1041       -54.3274      -54.3274      
723           723           -50.1969      -5.9293       -56.1262      -56.1262      
724           724           -40.5775      -5.6457       -46.2232      -46.2232      
725           725           -41.4026      -5.2002       -46.6028      -46.6028      
726           726           -38.8796      -6.0477       -44.9273      -44.9273      
727           727           -42.2685      -5.5228       -47.7913      -47.7913      
728           728           -37.7114      -6.4067       -44.1181      -44.1181      
729           729           -49.4006      -5.6333       -55.0339      -55.0339      
730           730           -55.1238      -2.1142       -57.238       -57.238       
731           731           -49.4178      -5.9346       -55.3524      -55.3524      
732           732           -50.1444      -4.8537       -54.9981      -54.9981      
733           733           -43.0234      -6.699        -49.7224      -49.7224      
734           734           -49.4385      -5.7227       -55.1612      -55.1612      
735           735           -49.788       -5.0328       -54.8208      -54.8208      
736           736           -43.6158      -6.2236       -49.8394      -49.8394      
737           737           -48.5156      -6.0593       -54.5749      -54.5749      
738           738           -49.8614      -5.533        -55.3944      -55.3944      
739           739           -46.5313      -6.1618       -52.6931      -52.6931      
740           740           -50.8474      -4.8163       -55.6637      -55.6637      
741           741           -44.5199      -6.2186       -50.7385      -50.7385      
742           742           -37.8958      -3.9292       -41.825       -41.825       
743           743           -44.2476      -6.243        -50.4906      -50.4906      
744           744           -43.8151      -5.4027       -49.2178      -49.2178      
745           745           -49.4389      -5.1835       -54.6224      -54.6224      
746           746           -43.0876      -6.3677       -49.4553      -49.4553      
747           747           -45.8288      -5.6189       -51.4477      -51.4477      
748           748           -38.7503      -5.2702       -44.0205      -44.0205      
749           749           -43.8532      -5.7799       -49.6331      -49.6331      
750           750           -57.5421      -4.8986       -62.4407      -62.4407      
751           751           -51.5069      -5.3193       -56.8262      -56.8262      
752           752           -51.2965      -5.7537       -57.0502      -57.0502      
753           753           -40.5095      -6.0395       -46.549       -46.549       
754           754           -57.5282      -0.8412       -58.3694      -58.3694      
755           755           -49.1292      -5.3774       -54.5066      -54.5066      
756           756           -50.2901      -3.7782       -54.0683      -54.0683      
757           757           -46.0054      -6.027        -52.0324      -52.0324      
758           758           -47.9494      -5.7794       -53.7288      -53.7288      
759           759           -39.5046      -6.2078       -45.7124      -45.7124      
760           760           -44.8598      -6.6469       -51.5067      -51.5067      
761           761           -47.6224      -4.2734       -51.8958      -51.8958      
762           762           -53.2796      -3.9924       -57.272       -57.272       
763           763           -49.6646      -5.5938       -55.2584      -55.2584      
764           764           -45.6674      -5.9031       -51.5705      -51.5705      
765           765           -49.4852      -6.5303       -56.0155      -56.0155      
766           766           -45.3443      -5.6283       -50.9726      -50.9726      
767           767           -49.3056      -5.5252       -54.8308      -54.8308      
768           768           -53.3076      -4.4149       -57.7225      -57.7225      
769           769           -44.4987      -4.6225       -49.1212      -49.1212      
770           770           -51.4565      -5.8472       -57.3037      -57.3037      
771           771           -49.4482      -3.3381       -52.7863      -52.7863      
772           772           -55.7737      -3.866        -59.6397      -59.6397      
773           773           -61.4574      -4.9717       -66.4291      -66.4291      
774           774           -39.2714      -6.0861       -45.3575      -45.3575      
775           775           -37.2727      -6.6256       -43.8983      -43.8983      
776           776           -53.2768      -3.3444       -56.6212      -56.6212      
777           777           -43.8705      -5.969        -49.8395      -49.8395      
778           778           -48.2041      -5.5147       -53.7188      -53.7188      
779           779           -56.0926      -3.9103       -60.0029      -60.0029      
780           780           -59.3992      -5.0848       -64.484       -64.484       
781           781           -52.2103      -3.8485       -56.0588      -56.0588      
782           782           -40.7113      -5.5495       -46.2608      -46.2608      
783           783           -36.9699      -4.8665       -41.8364      -41.8364      
784           784           -40.7899      -6.7006       -47.4905      -47.4905      
785           785           -46.2576      -6.6101       -52.8677      -52.8677      
786           786           -40.3522      -5.063        -45.4152      -45.4152      
787           787           -37.9315      -5.9004       -43.8319      -43.8319      
788           788           -38.356       -6.3317       -44.6877      -44.6877      
789           789           -40.2465      -6.3718       -46.6183      -46.6183      
790           790           -36.4748      -5.5114       -41.9862      -41.9862      
791           791           -50.6174      -4.0002       -54.6176      -54.6176      
792           792           -53.9358      -3.4185       -57.3543      -57.3543      
793           793           -54.9522      -5.2306       -60.1828      -60.1828      
794           794           -56.2481      -4.962        -61.2101      -61.2101      
795           795           -49.0641      -5.4944       -54.5585      -54.5585      
796           796           -53.1138      -5.8568       -58.9706      -58.9706      
797           797           -52.7012      -4.7524       -57.4536      -57.4536      
798           798           -48.7212      -5.1122       -53.8334      -53.8334      
799           799           -47.7406      -5.0932       -52.8338      -52.8338      
800           800           -44.4511      -5.5907       -50.0418      -50.0418      
801           801           -47.1956      -5.1861       -52.3817      -52.3817      
802           802           -42.4282      -4.8798       -47.308       -47.308       
803           803           -43.6885      -5.4946       -49.1831      -49.1831      
804           804           -46.5583      -4.5828       -51.1411      -51.1411      
805           805           -54.5546      -5.3313       -59.8859      -59.8859      
806           806           -51.9522      -2.8334       -54.7856      -54.7856      
807           807           -43.9144      -5.853        -49.7674      -49.7674      
808           808           -55.0883      -5.6368       -60.7251      -60.7251      
809           809           -49.7991      -2.0969       -51.896       -51.896       
810           810           -56.4776      -1.6294       -58.107       -58.107       
811           811           -44.6278      -6.1267       -50.7545      -50.7545      
812           812           -46.6007      -5.1393       -51.74        -51.74        
813           813           -43.1239      -6.032        -49.1559      -49.1559      
814           814           -44.9698      -5.3598       -50.3296      -50.3296      
815           815           -46.1149      -6.1759       -52.2908      -52.2908      
816           816           -46.7747      -6.484        -53.2587      -53.2587      
817           817           -41.1736      -5.0692       -46.2428      -46.2428      
818           818           -59.6839      -2.7076       -62.3915      -62.3915      
819           819           -39.9815      -5.5616       -45.5431      -45.5431      
820           820           -38.921       -6.0355       -44.9565      -44.9565      
821           821           -39.7327      -4.5387       -44.2714      -44.2714      
822           822           -57.0433      -5.6159       -62.6592      -62.6592      
823           823           -48.6326      -4.6539       -53.2865      -53.2865      
824           824           -55.6819      -5.3679       -61.0498      -61.0498      
825           825           -44.2946      -5.6381       -49.9327      -49.9327      
826           826           -42.6925      -6.3931       -49.0856      -49.0856      
827           827           -43.4176      -5.1483       -48.5659      -48.5659      
828           828           -45.6696      -5.5419       -51.2115      -51.2115      
829           829           -58.96        -5.9863       -64.9463      -64.9463      
830           830           -49.1473      -4.5395       -53.6868      -53.6868      
831           831           -49.5059      -6.6849       -56.1908      -56.1908      
832           832           -45.0249      -5.6825       -50.7074      -50.7074      
833           833           -36.0594      -5.8341       -41.8935      -41.8935      
834           834           -42.9455      -6.0906       -49.0361      -49.0361      
835           835           -52.7644      -3.325        -56.0894      -56.0894      
836           836           -60.4399      -4.87         -65.3099      -65.3099      
837           837           -47.4042      -2.4971       -49.9013      -49.9013      
838           838           -45.7402      -4.33         -50.0702      -50.0702      
839           839           -52.9862      -4.7131       -57.6993      -57.6993      
840           840           -49.5177      -1.9834       -51.5011      -51.5011      
841           841           -50.5419      -4.6986       -55.2405      -55.2405      
842           842           -49.6403      -3.6641       -53.3044      -53.3044      
843           843           -46.7726      -4.3254       -51.098       -51.098       
844           844           -49.8665      -4.4379       -54.3044      -54.3044      
845           845           -46.1006      -5.4157       -51.5163      -51.5163      
846           846           -37.0876      -5.1919       -42.2795      -42.2795      
847           847           -47.766       -3.1641       -50.9301      -50.9301      
848           848           -45.1964      -4.196        -49.3924      -49.3924      
849           849           -55.8672      -2.3367       -58.2039      -58.2039      
850           850           -52.5382      -1.4943       -54.0325      -54.0325      
851           851           -46.7572      -3.8759       -50.6331      -50.6331      
852           852           -50.3239      -4.2628       -54.5867      -54.5867      
853           853           -37.0761      -3.7596       -40.8357      -40.8357      
854           854           -46.1838      -2.9963       -49.1801      -49.1801      
855           855           -45.1807      -4.3186       -49.4993      -49.4993      
856           856           -45.8854      -4.3987       -50.2841      -50.2841      
857           857           -53.1336      +0.5084       -52.6252      -52.6252      
858           858           -51.0805      +0.119        -50.9615      -50.9615      
859           859           -54.5985      -1.8592       -56.4577      -56.4577      
860           860           -52.6732      +1.1073       -51.5659      -51.5659      
861           861           -45.5413      -4.1841       -49.7254      -49.7254      
862           862           -51.9987      -2.9605       -54.9592      -54.9592      
863           863           -42.7305      -4.7916       -47.5221      -47.5221      
864           864           -42.8517      -4.1472       -46.9989      -46.9989      
865           865           -38.8845      -4.0405       -42.925       -42.925       
866           866           -34.1402      -4.5101       -38.6503      -38.6503      
867           867           -53.3887      -1.1861       -54.5748      -54.5748      
868           868           -54.3017      -2.8058       -57.1075      -57.1075      
869           869           -36.2471      -4.929        -41.1761      -41.1761      
870           870           -54.2427      -3.6901       -57.9328      -57.9328      
871           871           -44.0154      -3.8617       -47.8771      -47.8771      
872           872           -41.8584      -5.314        -47.1724      -47.1724      
873           873           -36.7368      -5.2894       -42.0262      -42.0262      
874           874           -51.4345      -3.5229       -54.9574      -54.9574      
875           875           -47.2124      -1.6092       -48.8216      -48.8216      
876           876           -50.7252      -3.5014       -54.2266      -54.2266      
877           877           -45.5411      -4.0843       -49.6254      -49.6254      
878           878           -42.9475      -4.1317       -47.0792      -47.0792      
879           879           -25.153       -2.8183       -27.9713      -27.9713      
880           880           -43.806       -3.1256       -46.9316      -46.9316      
881           881           -42.1306      -4.6424       -46.773       -46.773       
882           882           -47.4386      -4.5889       -52.0275      -52.0275      
883           883           -47.6317      -3.9226       -51.5543      -51.5543      
884           884           -37.8668      -4.6549       -42.5217      -42.5217      
885           885           -30.7712      -3.0577       -33.8289      -33.8289      
886           886           -35.0678      -4.5742       -39.642       -39.642       
887           887           -39.6914      -5.1131       -44.8045      -44.8045      
888           888           -45.5496      -4.0615       -49.6111      -49.6111      
889           889           -34.6038      -5.3649       -39.9687      -39.9687      
890           890           -42.6974      -4.0235       -46.7209      -46.7209      
891           891           -49.3788      -3.4433       -52.8221      -52.8221      
892           892           -35.2084      -4.7991       -40.0075      -40.0075      
893           893           -36.346       -3.6269       -39.9729      -39.9729      
894           894           -28.7641      -4.3338       -33.0979      -33.0979      
895           895           -26.524       -2.8394       -29.3634      -29.3634      
896           896           -31.5217      -4.6521       -36.1738      -36.1738      
897           897           -38.189       -4.041        -42.23        -42.23        
898           898           -37.9975      -2.1036       -40.1011      -40.1011      
899           899           -39.7201      -4.5172       -44.2373      -44.2373      
900           900           -39.874       -4.2053       -44.0793      -44.0793      
901           901           -50.2175      -2.2186       -52.4361      -52.4361      
902           902           -36.0624      -3.7068       -39.7692      -39.7692      
903           903           -38.0354      -4.2782       -42.3136      -42.3136      
904           904           -39.3675      -3.5284       -42.8959      -42.8959      
905           905           -43.1881      -4.9955       -48.1836      -48.1836      
906           906           -37.6423      -4.5427       -42.185       -42.185       
907           907           -32.4309      -4.6747       -37.1056      -37.1056      
908           908           -40.6477      -4.1481       -44.7958      -44.7958      
909           909           -38.5697      -4.0199       -42.5896      -42.5896      
910           910           -37.6366      -4.3752       -42.0118      -42.0118      
911           911           -49.2299      -0.7569       -49.9868      -49.9868      
912           912           -39.5021      -3.9164       -43.4185      -43.4185      
913           913           -39.6919      -4.6606       -44.3525      -44.3525      
914           914           -46.0627      -4.3569       -50.4196      -50.4196      
915           915           -51.1578      -3.691        -54.8488      -54.8488      
916           916           -49.6831      -1.03         -50.7131      -50.7131      
917           917           -45.3939      -2.111        -47.5049      -47.5049      
918           918           -48.3003      -3.639        -51.9393      -51.9393      
919           919           -48.0801      -3.1552       -51.2353      -51.2353      
920           920           -51.6044      -2.4381       -54.0425      -54.0425      
921           921           -42.8032      -4.2373       -47.0405      -47.0405      
922           922           -39.4825      -3.0175       -42.5         -42.5         
923           923           -27.5736      -4.5662       -32.1398      -32.1398      
924           924           -43.4806      -2.614        -46.0946      -46.0946      
925           925           -45.7155      -2.2982       -48.0137      -48.0137      
926           926           -40.9165      -4.7603       -45.6768      -45.6768      
927           927           -50.2488      -1.8741       -52.1229      -52.1229      
928           928           -29.9718      -3.796        -33.7678      -33.7678      
929           929           -45.3076      -3.2808       -48.5884      -48.5884      
930           930           -37.4199      -3.9909       -41.4108      -41.4108      
931           931           -54.8799      -1.8245       -56.7044      -56.7044      
932           932           -40.6548      -4.68         -45.3348      -45.3348      
933           933           -45.8445      -4.3241       -50.1686      -50.1686      
934           934           -39.1761      -4.5084       -43.6845      -43.6845      
935           935           -51.8169      -2.2641       -54.081       -54.081       
936           936           -41.262       -3.9215       -45.1835      -45.1835      
937           937           -49.0286      -2.7714       -51.8         -51.8         
938           938           -37.7639      -4.1661       -41.93        -41.93        
939           939           -42.0472      -2.8848       -44.932       -44.932       
940           940           -39.8545      -2.9829       -42.8374      -42.8374      
941           941           -35.5304      -2.9789       -38.5093      -38.5093      
942           942           -39.4315      -3.4367       -42.8682      -42.8682      
943           943           -34.5896      -4.2284       -38.818       -38.818       
944           944           -39.2111      -4.5337       -43.7448      -43.7448      
945           945           -42.3607      -2.9225       -45.2832      -45.2832      
946           946           -39.1614      -3.8401       -43.0015      -43.0015      
947           947           -38.6704      -3.9552       -42.6256      -42.6256      
948           948           -38.1933      -4.6101       -42.8034      -42.8034      
949           949           -36.8287      -4.2871       -41.1158      -41.1158      
950           950           -40.7505      -3.5901       -44.3406      -44.3406      
951           951           -33.293       -4.4604       -37.7534      -37.7534      
952           952           -44.0748      -4.6931       -48.7679      -48.7679      
953           953           -43.0821      -4.3085       -47.3906      -47.3906      
954           954           -35.4099      -4.7803       -40.1902      -40.1902      
955           955           -45.1547      -3.1688       -48.3235      -48.3235      
956           956           -59.2973      -2.9597       -62.257       -62.257       
957           957           -44.7538      -4.2059       -48.9597      -48.9597      
958           958           -47.7247      -4.7858       -52.5105      -52.5105      
959           959           -39.268       -4.3858       -43.6538      -43.6538      
960           960           -43.7114      -3.5007       -47.2121      -47.2121      
961           961           -45.9366      -3.3603       -49.2969      -49.2969      
962           962           -48.2786      -3.3851       -51.6637      -51.6637      
963           963           -45.3095      -3.2156       -48.5251      -48.5251      
964           964           -45.1231      -2.4866       -47.6097      -47.6097      
965           965           -39.505       -3.0145       -42.5195      -42.5195      
966           966           -36.2751      -3.3225       -39.5976      -39.5976      
967           967           -34.7757      -3.0094       -37.7851      -37.7851      
968           968           -46.0279      -3.798        -49.8259      -49.8259      
969           969           -54.4311      -0.9141       -55.3452      -55.3452      
970           970           -44.6422      -3.8328       -48.475       -48.475       
971           971           -50.1723      -4.1453       -54.3176      -54.3176      
972           972           -51.1732      -4.1816       -55.3548      -55.3548      
973           973           -49.6493      -3.634        -53.2833      -53.2833      
974           974           -51.6916      -4.8769       -56.5685      -56.5685      
975           975           -31.2219      -3.8945       -35.1164      -35.1164      
976           976           -55.2334      -1.8669       -57.1003      -57.1003      
977           977           -46.1604      -3.7323       -49.8927      -49.8927      
978           978           -54.4684      -2.6981       -57.1665      -57.1665      
979           979           -52.0738      -2.1481       -54.2219      -54.2219      
980           980           -56.5981      -1.6701       -58.2682      -58.2682      
981           981           -31.8452      -3.6288       -35.474       -35.474       
982           982           -38.3746      -3.1651       -41.5397      -41.5397      
983           983           -39.1744      -3.7343       -42.9087      -42.9087      
984           984           -48.7262      -2.6114       -51.3376      -51.3376      
985           985           -35.5004      -3.1694       -38.6698      -38.6698      
986           986           -42.5356      -3.2652       -45.8008      -45.8008      
987           987           -41.707       -3.403        -45.11        -45.11        
988           988           -41.4198      -1.8478       -43.2676      -43.2676      
989           989           -43.1769      -2.6747       -45.8516      -45.8516      
990           990           -44.6819      -3.2486       -47.9305      -47.9305      
991           991           -49.5687      -2.0948       -51.6635      -51.6635      
992           992           -53.2153      -1.8712       -55.0865      -55.0865      
993           993           -47.8217      -3.6856       -51.5073      -51.5073      
994           994           -45.7232      -3.634        -49.3572      -49.3572      
995           995           -42.561       -3.7893       -46.3503      -46.3503      
996           996           -37.2195      -2.911        -40.1305      -40.1305      
997           997           -31.0457      -3.9881       -35.0338      -35.0338      
998           998           -48.5803      -2.9512       -51.5315      -51.5315      
999           999           -49.9696      -0.8974       -50.867       -50.867       
