IMPROPER 15 26 18 20 $FC -120.0
DIHEDRAL 50 53 55 57 $FC  0.0
IMPROPER 149 160 152 154 $FC -120.0
DIHEDRAL 184 187 189 191 $FC  0.0
IMPROPER 274 285 277 279 $FC -120.0
DIHEDRAL 309 312 314 316 $FC  0.0
IMPROPER 408 419 411 413 $FC -120.0
DIHEDRAL 443 446 448 450 $FC  0.0
IMPROPER 533 544 536 538 $FC -120.0
DIHEDRAL 568 571 573 575 $FC  0.0
IMPROPER 667 678 670 672 $FC -120.0
DIHEDRAL 702 705 707 709 $FC  0.0
IMPROPER 792 803 795 797 $FC -120.0
DIHEDRAL 827 830 832 834 $FC  0.0
IMPROPER 926 937 929 931 $FC -120.0
DIHEDRAL 961 964 966 968 $FC  0.0
IMPROPER 1060 1071 1063 1065 $FC -120.0
DIHEDRAL 1095 1098 1100 1102 $FC  0.0
IMPROPER 1194 1205 1197 1199 $FC -120.0
DIHEDRAL 1229 1232 1234 1236 $FC  0.0
IMPROPER 1319 1330 1322 1324 $FC -120.0
DIHEDRAL 1354 1357 1359 1361 $FC  0.0
IMPROPER 1429 1436 1434 1438 $FC  120.0
IMPROPER 1446 1457 1449 1451 $FC -120.0
DIHEDRAL 1481 1484 1486 1488 $FC  0.0
IMPROPER 1556 1563 1561 1565 $FC  120.0
IMPROPER 1573 1584 1576 1578 $FC -120.0
DIHEDRAL 1608 1611 1613 1615 $FC  0.0
IMPROPER 1707 1718 1710 1712 $FC -120.0
DIHEDRAL 1742 1745 1747 1749 $FC  0.0
IMPROPER 1832 1843 1835 1837 $FC -120.0
DIHEDRAL 1867 1870 1872 1874 $FC  0.0
IMPROPER 1966 1977 1969 1971 $FC -120.0
DIHEDRAL 2001 2004 2006 2008 $FC  0.0
IMPROPER 2091 2102 2094 2096 $FC -120.0
DIHEDRAL 2126 2129 2131 2133 $FC  0.0
IMPROPER 2225 2236 2228 2230 $FC -120.0
DIHEDRAL 2260 2263 2265 2267 $FC  0.0
IMPROPER 2359 2370 2362 2364 $FC -120.0
DIHEDRAL 2394 2397 2399 2401 $FC  0.0
IMPROPER 2469 2476 2474 2478 $FC  120.0
IMPROPER 2486 2497 2489 2491 $FC -120.0
DIHEDRAL 2521 2524 2526 2528 $FC  0.0
IMPROPER 2620 2631 2623 2625 $FC -120.0
DIHEDRAL 2655 2658 2660 2662 $FC  0.0
IMPROPER 2754 2765 2757 2759 $FC -120.0
DIHEDRAL 2789 2792 2794 2796 $FC  0.0
IMPROPER 2888 2899 2891 2893 $FC -120.0
DIHEDRAL 2923 2926 2928 2930 $FC  0.0
IMPROPER 3022 3033 3025 3027 $FC -120.0
DIHEDRAL 3057 3060 3062 3064 $FC  0.0
IMPROPER 3156 3167 3159 3161 $FC -120.0
DIHEDRAL 3191 3194 3196 3198 $FC  0.0
IMPROPER 3290 3301 3293 3295 $FC -120.0
DIHEDRAL 3325 3328 3330 3332 $FC  0.0
IMPROPER 3415 3426 3418 3420 $FC -120.0
DIHEDRAL 3450 3453 3455 3457 $FC  0.0
IMPROPER 3525 3532 3530 3534 $FC  120.0
IMPROPER 3542 3553 3545 3547 $FC -120.0
DIHEDRAL 3577 3580 3582 3584 $FC  0.0
IMPROPER 3676 3687 3679 3681 $FC -120.0
DIHEDRAL 3711 3714 3716 3718 $FC  0.0
IMPROPER 3810 3821 3813 3815 $FC -120.0
DIHEDRAL 3845 3848 3850 3852 $FC  0.0
IMPROPER 3944 3955 3947 3949 $FC -120.0
DIHEDRAL 3979 3982 3984 3986 $FC  0.0
IMPROPER 4054 4061 4059 4063 $FC  120.0
IMPROPER 4071 4082 4074 4076 $FC -120.0
DIHEDRAL 4106 4109 4111 4113 $FC  0.0
IMPROPER 4205 4216 4208 4210 $FC -120.0
DIHEDRAL 4240 4243 4245 4247 $FC  0.0
IMPROPER 4330 4341 4333 4335 $FC -120.0
DIHEDRAL 4365 4368 4370 4372 $FC  0.0
IMPROPER 4464 4475 4467 4469 $FC -120.0
DIHEDRAL 4499 4502 4504 4506 $FC  0.0
IMPROPER 4574 4581 4579 4583 $FC  120.0
IMPROPER 4591 4602 4594 4596 $FC -120.0
DIHEDRAL 4626 4629 4631 4633 $FC  0.0
IMPROPER 4701 4708 4706 4710 $FC  120.0
IMPROPER 4718 4729 4721 4723 $FC -120.0
DIHEDRAL 4753 4756 4758 4760 $FC  0.0
IMPROPER 4852 4863 4855 4857 $FC -120.0
DIHEDRAL 4887 4890 4892 4894 $FC  0.0
IMPROPER 4986 4997 4989 4991 $FC -120.0
DIHEDRAL 5021 5024 5026 5028 $FC  0.0
IMPROPER 5111 5122 5114 5116 $FC -120.0
DIHEDRAL 5146 5149 5151 5153 $FC  0.0
IMPROPER 5236 5247 5239 5241 $FC -120.0
DIHEDRAL 5271 5274 5276 5278 $FC  0.0
IMPROPER 5370 5381 5373 5375 $FC -120.0
DIHEDRAL 5405 5408 5410 5412 $FC  0.0
IMPROPER 5504 5515 5507 5509 $FC -120.0
DIHEDRAL 5539 5542 5544 5546 $FC  0.0
IMPROPER 5638 5649 5641 5643 $FC -120.0
DIHEDRAL 5673 5676 5678 5680 $FC  0.0
IMPROPER 5772 5783 5775 5777 $FC -120.0
DIHEDRAL 5807 5810 5812 5814 $FC  0.0
IMPROPER 5882 5889 5887 5891 $FC  120.0
IMPROPER 5899 5910 5902 5904 $FC -120.0
DIHEDRAL 5934 5937 5939 5941 $FC  0.0
IMPROPER 6009 6016 6014 6018 $FC  120.0
IMPROPER 6026 6037 6029 6031 $FC -120.0
DIHEDRAL 6061 6064 6066 6068 $FC  0.0
IMPROPER 6160 6171 6163 6165 $FC -120.0
DIHEDRAL 6195 6198 6200 6202 $FC  0.0
IMPROPER 6285 6296 6288 6290 $FC -120.0
DIHEDRAL 6320 6323 6325 6327 $FC  0.0
IMPROPER 6410 6421 6413 6415 $FC -120.0
DIHEDRAL 6445 6448 6450 6452 $FC  0.0
IMPROPER 6520 6527 6525 6529 $FC  120.0
IMPROPER 6537 6548 6540 6542 $FC -120.0
DIHEDRAL 6572 6575 6577 6579 $FC  0.0
IMPROPER 6647 6654 6652 6656 $FC  120.0
IMPROPER 6664 6675 6667 6669 $FC -120.0
DIHEDRAL 6699 6702 6704 6706 $FC  0.0
IMPROPER 6798 6809 6801 6803 $FC -120.0
DIHEDRAL 6833 6836 6838 6840 $FC  0.0
IMPROPER 6923 6934 6926 6928 $FC -120.0
DIHEDRAL 6958 6961 6963 6965 $FC  0.0
IMPROPER 7048 7059 7051 7053 $FC -120.0
DIHEDRAL 7083 7086 7088 7090 $FC  0.0
IMPROPER 7158 7165 7163 7167 $FC  120.0
IMPROPER 7175 7186 7178 7180 $FC -120.0
DIHEDRAL 7210 7213 7215 7217 $FC  0.0
IMPROPER 7285 7292 7290 7294 $FC  120.0
IMPROPER 7302 7313 7305 7307 $FC -120.0
DIHEDRAL 7337 7340 7342 7344 $FC  0.0
IMPROPER 7412 7419 7417 7421 $FC  120.0
IMPROPER 7429 7440 7432 7434 $FC -120.0
DIHEDRAL 7464 7467 7469 7471 $FC  0.0
IMPROPER 7563 7574 7566 7568 $FC -120.0
DIHEDRAL 7598 7601 7603 7605 $FC  0.0
IMPROPER 7673 7680 7678 7682 $FC  120.0
IMPROPER 7690 7701 7693 7695 $FC -120.0
DIHEDRAL 7725 7728 7730 7732 $FC  0.0
IMPROPER 7815 7826 7818 7820 $FC -120.0
DIHEDRAL 7850 7853 7855 7857 $FC  0.0
IMPROPER 7940 7951 7943 7945 $FC -120.0
DIHEDRAL 7975 7978 7980 7982 $FC  0.0
IMPROPER 8074 8085 8077 8079 $FC -120.0
DIHEDRAL 8109 8112 8114 8116 $FC  0.0
IMPROPER 8199 8210 8202 8204 $FC -120.0
DIHEDRAL 8234 8237 8239 8241 $FC  0.0
IMPROPER 8333 8344 8336 8338 $FC -120.0
DIHEDRAL 8368 8371 8373 8375 $FC  0.0
IMPROPER 8458 8469 8461 8463 $FC -120.0
DIHEDRAL 8493 8496 8498 8500 $FC  0.0
IMPROPER 8592 8603 8595 8597 $FC -120.0
DIHEDRAL 8627 8630 8632 8634 $FC  0.0
IMPROPER 8702 8709 8707 8711 $FC  120.0
IMPROPER 8719 8730 8722 8724 $FC -120.0
DIHEDRAL 8754 8757 8759 8761 $FC  0.0
IMPROPER 8853 8864 8856 8858 $FC -120.0
DIHEDRAL 8888 8891 8893 8895 $FC  0.0
IMPROPER 8978 8989 8981 8983 $FC -120.0
DIHEDRAL 9013 9016 9018 9020 $FC  0.0
IMPROPER 9088 9095 9093 9097 $FC  120.0
IMPROPER 9105 9116 9108 9110 $FC -120.0
DIHEDRAL 9140 9143 9145 9147 $FC  0.0
IMPROPER 9239 9250 9242 9244 $FC -120.0
DIHEDRAL 9274 9277 9279 9281 $FC  0.0
IMPROPER 9373 9384 9376 9378 $FC -120.0
DIHEDRAL 9408 9411 9413 9415 $FC  0.0
IMPROPER 9507 9518 9510 9512 $FC -120.0
DIHEDRAL 9542 9545 9547 9549 $FC  0.0
IMPROPER 9632 9643 9635 9637 $FC -120.0
DIHEDRAL 9667 9670 9672 9674 $FC  0.0
IMPROPER 9742 9749 9747 9751 $FC  120.0
IMPROPER 9759 9770 9762 9764 $FC -120.0
DIHEDRAL 9794 9797 9799 9801 $FC  0.0
IMPROPER 9869 9876 9874 9878 $FC  120.0
IMPROPER 9886 9897 9889 9891 $FC -120.0
DIHEDRAL 9921 9924 9926 9928 $FC  0.0
IMPROPER 10020 10031 10023 10025 $FC -120.0
DIHEDRAL 10055 10058 10060 10062 $FC  0.0
IMPROPER 10154 10165 10157 10159 $FC -120.0
DIHEDRAL 10189 10192 10194 10196 $FC  0.0
IMPROPER 10288 10299 10291 10293 $FC -120.0
DIHEDRAL 10323 10326 10328 10330 $FC  0.0
IMPROPER 10422 10433 10425 10427 $FC -120.0
DIHEDRAL 10457 10460 10462 10464 $FC  0.0
IMPROPER 10532 10539 10537 10541 $FC  120.0
IMPROPER 10549 10560 10552 10554 $FC -120.0
DIHEDRAL 10584 10587 10589 10591 $FC  0.0
IMPROPER 10683 10694 10686 10688 $FC -120.0
DIHEDRAL 10718 10721 10723 10725 $FC  0.0
IMPROPER 10817 10828 10820 10822 $FC -120.0
DIHEDRAL 10852 10855 10857 10859 $FC  0.0
IMPROPER 10951 10962 10954 10956 $FC -120.0
DIHEDRAL 10986 10989 10991 10993 $FC  0.0
IMPROPER 11076 11087 11079 11081 $FC -120.0
DIHEDRAL 11111 11114 11116 11118 $FC  0.0
IMPROPER 11186 11193 11191 11195 $FC  120.0
IMPROPER 11203 11214 11206 11208 $FC -120.0
DIHEDRAL 11238 11241 11243 11245 $FC  0.0
IMPROPER 11337 11348 11340 11342 $FC -120.0
DIHEDRAL 11372 11375 11377 11379 $FC  0.0
IMPROPER 11462 11473 11465 11467 $FC -120.0
DIHEDRAL 11497 11500 11502 11504 $FC  0.0
IMPROPER 11572 11579 11577 11581 $FC  120.0
IMPROPER 11589 11600 11592 11594 $FC -120.0
DIHEDRAL 11624 11627 11629 11631 $FC  0.0
IMPROPER 11714 11725 11717 11719 $FC -120.0
DIHEDRAL 11749 11752 11754 11756 $FC  0.0
IMPROPER 11848 11859 11851 11853 $FC -120.0
DIHEDRAL 11883 11886 11888 11890 $FC  0.0
IMPROPER 11982 11993 11985 11987 $FC -120.0
DIHEDRAL 12017 12020 12022 12024 $FC  0.0
IMPROPER 12116 12127 12119 12121 $FC -120.0
DIHEDRAL 12151 12154 12156 12158 $FC  0.0
IMPROPER 12241 12252 12244 12246 $FC -120.0
DIHEDRAL 12276 12279 12281 12283 $FC  0.0
IMPROPER 12351 12358 12356 12360 $FC  120.0
IMPROPER 12368 12379 12371 12373 $FC -120.0
DIHEDRAL 12403 12406 12408 12410 $FC  0.0
IMPROPER 12493 12504 12496 12498 $FC -120.0
DIHEDRAL 12528 12531 12533 12535 $FC  0.0
IMPROPER 12627 12638 12630 12632 $FC -120.0
DIHEDRAL 12662 12665 12667 12669 $FC  0.0
IMPROPER 12761 12772 12764 12766 $FC -120.0
DIHEDRAL 12796 12799 12801 12803 $FC  0.0
IMPROPER 12871 12878 12876 12880 $FC  120.0
IMPROPER 12888 12899 12891 12893 $FC -120.0
DIHEDRAL 12923 12926 12928 12930 $FC  0.0
IMPROPER 13022 13033 13025 13027 $FC -120.0
DIHEDRAL 13057 13060 13062 13064 $FC  0.0
IMPROPER 13156 13167 13159 13161 $FC -120.0
DIHEDRAL 13191 13194 13196 13198 $FC  0.0
IMPROPER 13281 13292 13284 13286 $FC -120.0
DIHEDRAL 13316 13319 13321 13323 $FC  0.0
IMPROPER 13415 13426 13418 13420 $FC -120.0
DIHEDRAL 13450 13453 13455 13457 $FC  0.0
IMPROPER 13549 13560 13552 13554 $FC -120.0
DIHEDRAL 13584 13587 13589 13591 $FC  0.0
IMPROPER 13674 13685 13677 13679 $FC -120.0
DIHEDRAL 13709 13712 13714 13716 $FC  0.0
IMPROPER 13808 13819 13811 13813 $FC -120.0
DIHEDRAL 13843 13846 13848 13850 $FC  0.0
IMPROPER 13942 13953 13945 13947 $FC -120.0
DIHEDRAL 13977 13980 13982 13984 $FC  0.0
IMPROPER 14052 14059 14057 14061 $FC  120.0
IMPROPER 14069 14080 14072 14074 $FC -120.0
DIHEDRAL 14104 14107 14109 14111 $FC  0.0
IMPROPER 14203 14214 14206 14208 $FC -120.0
DIHEDRAL 14238 14241 14243 14245 $FC  0.0
IMPROPER 14337 14348 14340 14342 $FC -120.0
DIHEDRAL 14372 14375 14377 14379 $FC  0.0
IMPROPER 14447 14454 14452 14456 $FC  120.0
IMPROPER 14464 14475 14467 14469 $FC -120.0
DIHEDRAL 14499 14502 14504 14506 $FC  0.0
IMPROPER 14589 14600 14592 14594 $FC -120.0
DIHEDRAL 14624 14627 14629 14631 $FC  0.0
IMPROPER 14723 14734 14726 14728 $FC -120.0
DIHEDRAL 14758 14761 14763 14765 $FC  0.0
IMPROPER 14833 14840 14838 14842 $FC  120.0
IMPROPER 14850 14861 14853 14855 $FC -120.0
DIHEDRAL 14885 14888 14890 14892 $FC  0.0
IMPROPER 14960 14967 14965 14969 $FC  120.0
IMPROPER 14977 14988 14980 14982 $FC -120.0
DIHEDRAL 15012 15015 15017 15019 $FC  0.0
IMPROPER 15102 15113 15105 15107 $FC -120.0
DIHEDRAL 15137 15140 15142 15144 $FC  0.0
IMPROPER 15212 15219 15217 15221 $FC  120.0
IMPROPER 15229 15240 15232 15234 $FC -120.0
DIHEDRAL 15264 15267 15269 15271 $FC  0.0
IMPROPER 15339 15346 15344 15348 $FC  120.0
IMPROPER 15356 15367 15359 15361 $FC -120.0
DIHEDRAL 15391 15394 15396 15398 $FC  0.0
IMPROPER 15490 15501 15493 15495 $FC -120.0
DIHEDRAL 15525 15528 15530 15532 $FC  0.0
