Frame         Time          Elec          VdW           Nonbond       Total         
0             0             -1.2259       -0.0637       -1.2896       -1.2896       
1             100           -1.7457       -0.1007       -1.8464       -1.8464       
2             200           -1.92         -0.1019       -2.0219       -2.0219       
3             300           -0.8632       -0.0961       -0.9593       -0.9593       
4             400           -0.6862       -0.0771       -0.7633       -0.7633       
5             500           -0.6624       -0.0677       -0.7301       -0.7301       
6             600           -1.5351       -0.0721       -1.6072       -1.6072       
7             700           -0.824        -0.1          -0.924        -0.924        
8             800           -2.2724       -0.0559       -2.3283       -2.3283       
9             900           -1.9951       -0.0931       -2.0882       -2.0882       
10            1000          -1.7032       -0.0779       -1.7811       -1.7811       
11            1100          -1.753        -0.0872       -1.8402       -1.8402       
12            1200          -0.5108       -0.1295       -0.6403       -0.6403       
13            1300          -1.4299       -0.0863       -1.5162       -1.5162       
14            1400          -0.8352       -0.1109       -0.9461       -0.9461       
15            1500          -0.5385       -0.1148       -0.6533       -0.6533       
16            1600          -1.1053       -0.0752       -1.1805       -1.1805       
17            1700          -3.08         -0.1045       -3.1845       -3.1845       
18            1800          -1.0857       -0.0991       -1.1848       -1.1848       
19            1900          -1.5494       -0.0705       -1.6199       -1.6199       
20            2000          -1.3356       -0.0715       -1.4071       -1.4071       
21            2100          -1.431        -0.0516       -1.4826       -1.4826       
22            2200          -1.3999       -0.0794       -1.4793       -1.4793       
23            2300          -3.2692       -0.0523       -3.3215       -3.3215       
24            2400          -2.9021       -0.0509       -2.953        -2.953        
25            2500          -2.3488       -0.0714       -2.4202       -2.4202       
26            2600          -2.1107       -0.058        -2.1687       -2.1687       
27            2700          -2.2325       -0.0493       -2.2818       -2.2818       
28            2800          -1.0998       -0.0747       -1.1745       -1.1745       
29            2900          -1.1505       -0.055        -1.2055       -1.2055       
30            3000          -0.837        -0.0683       -0.9053       -0.9053       
31            3100          -1.835        -0.0731       -1.9081       -1.9081       
32            3200          -1.8334       -0.0814       -1.9148       -1.9148       
33            3300          -2.2164       -0.0686       -2.285        -2.285        
34            3400          -1.3985       -0.0634       -1.4619       -1.4619       
35            3500          -1.35         -0.0657       -1.4157       -1.4157       
36            3600          -1.5862       -0.0396       -1.6258       -1.6258       
37            3700          -1.516        -0.0702       -1.5862       -1.5862       
38            3800          -1.2901       -0.0298       -1.3199       -1.3199       
39            3900          -1.4141       -0.0534       -1.4675       -1.4675       
40            4000          -2.2337       -0.0817       -2.3154       -2.3154       
41            4100          -2.1514       -0.0544       -2.2058       -2.2058       
42            4200          -2.1654       -0.0624       -2.2278       -2.2278       
43            4300          -2.5655       -0.0373       -2.6028       -2.6028       
44            4400          -0.9417       -0.0538       -0.9955       -0.9955       
45            4500          -0.3922       -0.0482       -0.4404       -0.4404       
46            4600          -0.9147       -0.0395       -0.9542       -0.9542       
47            4700          -1.0158       -0.0528       -1.0686       -1.0686       
48            4800          -1.2917       -0.0221       -1.3138       -1.3138       
49            4900          -0.8753       -0.0539       -0.9292       -0.9292       
50            5000          -1.5001       -0.0361       -1.5362       -1.5362       
51            5100          -0.1097       -0.0408       -0.1505       -0.1505       
52            5200          -1.419        -0.0472       -1.4662       -1.4662       
53            5300          -0.2361       -0.0372       -0.2733       -0.2733       
54            5400          -1.4588       -0.0384       -1.4972       -1.4972       
55            5500          -2.0656       -0.0522       -2.1178       -2.1178       
56            5600          -1.6398       -0.0702       -1.71         -1.71         
57            5700          -3.8973       -0.0551       -3.9524       -3.9524       
58            5800          -2.1455       -0.0487       -2.1942       -2.1942       
59            5900          -1.7566       -0.0481       -1.8047       -1.8047       
60            6000          -1.684        -0.0388       -1.7228       -1.7228       
61            6100          -2.4571       -0.0403       -2.4974       -2.4974       
62            6200          -1.0143       -0.0556       -1.0699       -1.0699       
63            6300          -0.2579       -0.0513       -0.3092       -0.3092       
64            6400          -1.9055       -0.0719       -1.9774       -1.9774       
65            6500          -0.8127       -0.0643       -0.877        -0.877        
66            6600          -0.2535       -0.0388       -0.2923       -0.2923       
67            6700          -1.2236       -0.0522       -1.2758       -1.2758       
68            6800          -1.9156       -0.0571       -1.9727       -1.9727       
69            6900          -0.5801       -0.0629       -0.643        -0.643        
70            7000          -3.8092       -0.0533       -3.8625       -3.8625       
71            7100          -1.1161       -0.0706       -1.1867       -1.1867       
72            7200          -1.3645       -0.0378       -1.4023       -1.4023       
73            7300          -0.4172       -0.073        -0.4902       -0.4902       
74            7400          -1.8613       -0.0634       -1.9247       -1.9247       
75            7500          -0.5022       -0.0654       -0.5676       -0.5676       
76            7600          -1.5524       -0.0692       -1.6216       -1.6216       
77            7700          -1.431        -0.0654       -1.4964       -1.4964       
78            7800          -1.4221       -0.1077       -1.5298       -1.5298       
79            7900          -1.3079       -0.0626       -1.3705       -1.3705       
80            8000          -1.0622       -0.0873       -1.1495       -1.1495       
81            8100          -1.4672       -0.0531       -1.5203       -1.5203       
82            8200          -1.6881       -0.0394       -1.7275       -1.7275       
83            8300          -2.3402       -0.0905       -2.4307       -2.4307       
84            8400          -2.6781       -0.0426       -2.7207       -2.7207       
85            8500          -3.4166       -0.0453       -3.4619       -3.4619       
86            8600          -3.9906       -0.0363       -4.0269       -4.0269       
87            8700          -3.7113       -0.0348       -3.7461       -3.7461       
88            8800          -3.9742       -0.025        -3.9992       -3.9992       
89            8900          -4.1984       -0.0388       -4.2372       -4.2372       
90            9000          -3.7224       -0.0306       -3.753        -3.753        
91            9100          -5.3714       -0.0345       -5.4059       -5.4059       
92            9200          -4.389        -0.0395       -4.4285       -4.4285       
93            9300          -4.7295       -0.0345       -4.764        -4.764        
94            9400          -3.2312       -0.0357       -3.2669       -3.2669       
95            9500          -2.4898       -0.0421       -2.5319       -2.5319       
96            9600          -4.9673       -0.0379       -5.0052       -5.0052       
97            9700          -3.7031       -0.0391       -3.7422       -3.7422       
98            9800          -3.7717       -0.0319       -3.8036       -3.8036       
99            9900          -3.2746       -0.0408       -3.3154       -3.3154       
100           10000         -1.7764       -0.0821       -1.8585       -1.8585       
101           10100         -2.6527       -0.0971       -2.7498       -2.7498       
102           10200         -1.1315       -0.0655       -1.197        -1.197        
103           10300         -1.808        -0.084        -1.892        -1.892        
104           10400         -2.1104       -0.0381       -2.1485       -2.1485       
105           10500         -2.4415       -0.0423       -2.4838       -2.4838       
106           10600         -1.9251       -0.0572       -1.9823       -1.9823       
107           10700         -2.6318       -0.0659       -2.6977       -2.6977       
108           10800         -2.9926       -0.0566       -3.0492       -3.0492       
109           10900         -4.4175       -0.0379       -4.4554       -4.4554       
110           11000         -2.4381       -0.0766       -2.5147       -2.5147       
111           11100         -2.6686       -0.0469       -2.7155       -2.7155       
112           11200         -3.0403       -0.0368       -3.0771       -3.0771       
113           11300         -2.4712       -0.0407       -2.5119       -2.5119       
114           11400         -2.9517       -0.0335       -2.9852       -2.9852       
115           11500         -3.9554       -0.0795       -4.0349       -4.0349       
116           11600         -1.8905       -0.0565       -1.947        -1.947        
117           11700         -2.4447       -0.0568       -2.5015       -2.5015       
118           11800         -2.8489       -0.0436       -2.8925       -2.8925       
119           11900         -2.0016       -0.0559       -2.0575       -2.0575       
120           12000         -3.8338       -0.0492       -3.883        -3.883        
121           12100         -3.6909       -0.0484       -3.7393       -3.7393       
122           12200         -2.4276       -0.0567       -2.4843       -2.4843       
123           12300         -3.384        -0.038        -3.422        -3.422        
124           12400         -3.4621       -0.0432       -3.5053       -3.5053       
125           12500         -2.7224       -0.0624       -2.7848       -2.7848       
126           12600         -2.0597       -0.038        -2.0977       -2.0977       
127           12700         -2.7776       -0.0476       -2.8252       -2.8252       
128           12800         -4.1952       -0.0528       -4.248        -4.248        
129           12900         -3.9827       -0.035        -4.0177       -4.0177       
130           13000         -4.8983       -0.0705       -4.9688       -4.9688       
131           13100         -3.0121       -0.0787       -3.0908       -3.0908       
132           13200         -4.2346       -0.0668       -4.3014       -4.3014       
133           13300         -4.1711       -0.0458       -4.2169       -4.2169       
134           13400         -4.1891       -0.0372       -4.2263       -4.2263       
135           13500         -3.5933       -0.0855       -3.6788       -3.6788       
136           13600         -4.6321       -0.0539       -4.686        -4.686        
137           13700         -3.057        -0.0705       -3.1275       -3.1275       
138           13800         -3.8684       -0.0682       -3.9366       -3.9366       
139           13900         -4.3858       -0.0656       -4.4514       -4.4514       
140           14000         -2.6248       -0.0564       -2.6812       -2.6812       
141           14100         -3.1529       -0.0591       -3.212        -3.212        
142           14200         -2.9053       -0.1024       -3.0077       -3.0077       
143           14300         -3.0941       -0.1102       -3.2043       -3.2043       
144           14400         -3.1654       -0.0874       -3.2528       -3.2528       
145           14500         -3.0596       -0.0649       -3.1245       -3.1245       
146           14600         -4.6972       -0.076        -4.7732       -4.7732       
147           14700         -3.5862       -0.0807       -3.6669       -3.6669       
148           14800         -2.4158       -0.0687       -2.4845       -2.4845       
149           14900         -3.0603       -0.0552       -3.1155       -3.1155       
150           15000         -3.6583       -0.0559       -3.7142       -3.7142       
151           15100         -3.962        -0.0698       -4.0318       -4.0318       
152           15200         -2.953        -0.0653       -3.0183       -3.0183       
153           15300         -4.2254       -0.0733       -4.2987       -4.2987       
154           15400         -2.9378       -0.0499       -2.9877       -2.9877       
155           15500         -1.646        -0.0491       -1.6951       -1.6951       
156           15600         -3.1855       -0.0848       -3.2703       -3.2703       
157           15700         -3.949        -0.0672       -4.0162       -4.0162       
158           15800         -6.3837       -0.0786       -6.4623       -6.4623       
159           15900         -5.0643       -0.0559       -5.1202       -5.1202       
160           16000         -4.5614       -0.0493       -4.6107       -4.6107       
161           16100         -4.483        -0.0563       -4.5393       -4.5393       
162           16200         -4.6519       -0.082        -4.7339       -4.7339       
163           16300         -3.2289       -0.1028       -3.3317       -3.3317       
164           16400         -3.4068       -0.0944       -3.5012       -3.5012       
165           16500         -3.4917       -0.064        -3.5557       -3.5557       
166           16600         -1.8406       -0.0628       -1.9034       -1.9034       
167           16700         -2.6141       -0.0664       -2.6805       -2.6805       
168           16800         -2.5383       -0.1047       -2.643        -2.643        
169           16900         -2.6518       -0.0881       -2.7399       -2.7399       
170           17000         -2.6162       -0.0717       -2.6879       -2.6879       
171           17100         -4.1253       -0.0887       -4.214        -4.214        
172           17200         -3.3172       -0.1261       -3.4433       -3.4433       
173           17300         -2.0544       -0.1051       -2.1595       -2.1595       
174           17400         -3.6132       -0.0893       -3.7025       -3.7025       
175           17500         -2.7158       -0.1222       -2.838        -2.838        
176           17600         -0.7176       -0.1643       -0.8819       -0.8819       
177           17700         -2.0906       -0.1004       -2.191        -2.191        
178           17800         -2.0789       -0.1087       -2.1876       -2.1876       
179           17900         -4.6465       -0.1412       -4.7877       -4.7877       
180           18000         -2.4703       -0.1057       -2.576        -2.576        
181           18100         -4.6103       -0.1508       -4.7611       -4.7611       
182           18200         -4.419        -0.1051       -4.5241       -4.5241       
183           18300         -3.767        -0.0729       -3.8399       -3.8399       
184           18400         -1.9502       -0.0967       -2.0469       -2.0469       
185           18500         -3.2975       -0.1186       -3.4161       -3.4161       
186           18600         -4.3867       -0.1529       -4.5396       -4.5396       
187           18700         -2.2326       -0.0906       -2.3232       -2.3232       
188           18800         -1.855        -0.0878       -1.9428       -1.9428       
189           18900         -2.3879       -0.1386       -2.5265       -2.5265       
190           19000         -2.638        -0.06         -2.698        -2.698        
191           19100         -3.7583       -0.0832       -3.8415       -3.8415       
192           19200         -3.4107       -0.0862       -3.4969       -3.4969       
193           19300         -3.1696       -0.0961       -3.2657       -3.2657       
194           19400         -6.2593       -0.0867       -6.346        -6.346        
195           19500         -6.4491       -0.0861       -6.5352       -6.5352       
196           19600         -7.0432       -0.1137       -7.1569       -7.1569       
197           19700         -6.0063       -0.1106       -6.1169       -6.1169       
198           19800         -4.248        -0.0812       -4.3292       -4.3292       
199           19900         -5.8437       -0.1269       -5.9706       -5.9706       
200           20000         -4.3396       -0.1521       -4.4917       -4.4917       
201           20100         -4.3725       -0.1221       -4.4946       -4.4946       
202           20200         -6.2065       -0.1272       -6.3337       -6.3337       
203           20300         -5.0682       -0.1586       -5.2268       -5.2268       
204           20400         -6.4558       -0.1381       -6.5939       -6.5939       
205           20500         -4.8712       -0.0795       -4.9507       -4.9507       
206           20600         -6.8395       -0.1027       -6.9422       -6.9422       
207           20700         -6.8116       -0.126        -6.9376       -6.9376       
208           20800         -5.5822       -0.1267       -5.7089       -5.7089       
209           20900         -5.5514       -0.0976       -5.649        -5.649        
210           21000         -6.5255       -0.0935       -6.619        -6.619        
211           21100         -3.4972       -0.0733       -3.5705       -3.5705       
212           21200         -4.2166       -0.0879       -4.3045       -4.3045       
213           21300         -5.8711       -0.187        -6.0581       -6.0581       
214           21400         -3.1481       -0.0835       -3.2316       -3.2316       
215           21500         -5.3939       -0.1094       -5.5033       -5.5033       
216           21600         -6.0992       -0.1148       -6.214        -6.214        
217           21700         -4.0994       -0.0509       -4.1503       -4.1503       
218           21800         -5.4567       -0.0877       -5.5444       -5.5444       
219           21900         -5.0803       -0.1107       -5.191        -5.191        
220           22000         -4.9386       -0.0811       -5.0197       -5.0197       
221           22100         -6.0102       -0.0976       -6.1078       -6.1078       
222           22200         -5.7713       -0.0935       -5.8648       -5.8648       
223           22300         -4.4386       -0.0672       -4.5058       -4.5058       
224           22400         -5.3101       -0.1108       -5.4209       -5.4209       
225           22500         -6.2529       -0.1113       -6.3642       -6.3642       
226           22600         -5.7532       -0.0921       -5.8453       -5.8453       
227           22700         -5.2404       -0.0774       -5.3178       -5.3178       
228           22800         -5.2234       -0.1015       -5.3249       -5.3249       
229           22900         -5.7023       -0.0723       -5.7746       -5.7746       
230           23000         -6.2354       -0.1009       -6.3363       -6.3363       
231           23100         -4.7172       -0.0895       -4.8067       -4.8067       
232           23200         -5.4669       -0.1034       -5.5703       -5.5703       
233           23300         -4.629        -0.115        -4.744        -4.744        
234           23400         -4.6878       -0.1147       -4.8025       -4.8025       
235           23500         -4.2375       -0.0898       -4.3273       -4.3273       
236           23600         -5.9793       -0.0866       -6.0659       -6.0659       
237           23700         -6.0806       -0.1091       -6.1897       -6.1897       
238           23800         -8.3301       -0.0902       -8.4203       -8.4203       
239           23900         -4.7951       -0.0617       -4.8568       -4.8568       
240           24000         -2.6759       -0.0782       -2.7541       -2.7541       
241           24100         -3.5151       -0.0738       -3.5889       -3.5889       
242           24200         -3.4142       -0.0983       -3.5125       -3.5125       
243           24300         -1.9016       -0.1005       -2.0021       -2.0021       
244           24400         -4.2347       -0.0848       -4.3195       -4.3195       
245           24500         -2.9783       -0.061        -3.0393       -3.0393       
246           24600         -2.3835       -0.0761       -2.4596       -2.4596       
247           24700         -3.1156       -0.0895       -3.2051       -3.2051       
248           24800         -3.0761       -0.054        -3.1301       -3.1301       
249           24900         -3.7626       -0.0914       -3.854        -3.854        
250           25000         -2.2261       -0.0473       -2.2734       -2.2734       
251           25100         -2.1462       -0.0756       -2.2218       -2.2218       
252           25200         -2.6357       -0.0601       -2.6958       -2.6958       
253           25300         -3.6          -0.0646       -3.6646       -3.6646       
254           25400         -3.3162       -0.0542       -3.3704       -3.3704       
255           25500         -2.6738       -0.0338       -2.7076       -2.7076       
256           25600         -1.2888       -0.0619       -1.3507       -1.3507       
257           25700         -2.9417       -0.0666       -3.0083       -3.0083       
258           25800         -4.2384       -0.053        -4.2914       -4.2914       
259           25900         -3.6926       -0.0778       -3.7704       -3.7704       
260           26000         -0.9614       -0.0451       -1.0065       -1.0065       
261           26100         -1.6488       -0.0746       -1.7234       -1.7234       
262           26200         -2.6847       -0.0906       -2.7753       -2.7753       
263           26300         -0.9927       -0.0756       -1.0683       -1.0683       
264           26400         -3.4576       -0.0819       -3.5395       -3.5395       
265           26500         -1.7337       -0.0699       -1.8036       -1.8036       
266           26600         -2.5907       -0.0783       -2.669        -2.669        
267           26700         -2.3126       -0.056        -2.3686       -2.3686       
268           26800         -2.2905       -0.0896       -2.3801       -2.3801       
269           26900         -1.7358       -0.0912       -1.827        -1.827        
270           27000         -0.6483       -0.1129       -0.7612       -0.7612       
271           27100         -2.6798       -0.0701       -2.7499       -2.7499       
272           27200         -3.1278       -0.1131       -3.2409       -3.2409       
273           27300         -1.9674       -0.0977       -2.0651       -2.0651       
274           27400         -2.938        -0.0932       -3.0312       -3.0312       
275           27500         -1.3397       -0.0489       -1.3886       -1.3886       
276           27600         -1.9406       -0.0528       -1.9934       -1.9934       
277           27700         -3.3392       -0.0663       -3.4055       -3.4055       
278           27800         -3.6442       -0.0517       -3.6959       -3.6959       
279           27900         -2.6465       -0.0704       -2.7169       -2.7169       
280           28000         -1.8711       -0.0712       -1.9423       -1.9423       
281           28100         -2.2273       -0.0632       -2.2905       -2.2905       
282           28200         -2.5147       -0.0624       -2.5771       -2.5771       
283           28300         -3.6139       -0.0918       -3.7057       -3.7057       
284           28400         -3.2715       -0.0471       -3.3186       -3.3186       
285           28500         -2.5032       -0.0482       -2.5514       -2.5514       
286           28600         -2.615        -0.0424       -2.6574       -2.6574       
287           28700         -2.7471       -0.0871       -2.8342       -2.8342       
288           28800         -0.8036       -0.0505       -0.8541       -0.8541       
289           28900         -1.8551       -0.0658       -1.9209       -1.9209       
290           29000         -2.3068       -0.0542       -2.361        -2.361        
291           29100         -4.3954       -0.0765       -4.4719       -4.4719       
292           29200         -3.4376       -0.0365       -3.4741       -3.4741       
293           29300         -4.0243       -0.0894       -4.1137       -4.1137       
294           29400         -3.7099       -0.0631       -3.773        -3.773        
295           29500         -5.4316       -0.1056       -5.5372       -5.5372       
296           29600         -2.9418       -0.0627       -3.0045       -3.0045       
297           29700         -3.9987       -0.0551       -4.0538       -4.0538       
298           29800         -2.6526       -0.0619       -2.7145       -2.7145       
299           29900         -3.0835       -0.0959       -3.1794       -3.1794       
300           30000         -2.5557       -0.066        -2.6217       -2.6217       
301           30100         -3.5124       -0.0726       -3.585        -3.585        
302           30200         -2.8927       -0.0748       -2.9675       -2.9675       
303           30300         -5.3802       -0.095        -5.4752       -5.4752       
304           30400         -4.4642       -0.0925       -4.5567       -4.5567       
305           30500         -3.44         -0.0916       -3.5316       -3.5316       
306           30600         -4.6775       -0.091        -4.7685       -4.7685       
307           30700         -2.5862       -0.107        -2.6932       -2.6932       
308           30800         -2.7478       -0.0895       -2.8373       -2.8373       
309           30900         -2.8567       -0.0904       -2.9471       -2.9471       
310           31000         -2.8884       -0.0589       -2.9473       -2.9473       
311           31100         -2.9571       -0.072        -3.0291       -3.0291       
312           31200         -1.3777       -0.0977       -1.4754       -1.4754       
313           31300         -3.2923       -0.1038       -3.3961       -3.3961       
314           31400         -2.6796       -0.1097       -2.7893       -2.7893       
315           31500         -2.6517       -0.1151       -2.7668       -2.7668       
316           31600         -2.251        -0.0837       -2.3347       -2.3347       
317           31700         -2.2252       -0.073        -2.2982       -2.2982       
318           31800         -1.9859       -0.1112       -2.0971       -2.0971       
319           31900         -1.2195       -0.1269       -1.3464       -1.3464       
320           32000         -2.7687       -0.0863       -2.855        -2.855        
321           32100         -2.4527       -0.1156       -2.5683       -2.5683       
322           32200         -1.6402       -0.0735       -1.7137       -1.7137       
323           32300         -1.6602       -0.0892       -1.7494       -1.7494       
324           32400         -3.6471       -0.0887       -3.7358       -3.7358       
325           32500         -2.4912       -0.0927       -2.5839       -2.5839       
326           32600         -2.314        -0.1059       -2.4199       -2.4199       
327           32700         -2.9192       -0.1139       -3.0331       -3.0331       
328           32800         -2.8121       -0.1067       -2.9188       -2.9188       
329           32900         -1.9906       -0.0956       -2.0862       -2.0862       
330           33000         -2.8217       -0.0787       -2.9004       -2.9004       
331           33100         -2.1841       -0.1104       -2.2945       -2.2945       
332           33200         -2.1147       -0.0825       -2.1972       -2.1972       
333           33300         -3.0058       -0.0541       -3.0599       -3.0599       
334           33400         -1.6197       -0.0417       -1.6614       -1.6614       
335           33500         -1.77         -0.0484       -1.8184       -1.8184       
336           33600         -2.7875       -0.0283       -2.8158       -2.8158       
337           33700         -3.7687       -0.0524       -3.8211       -3.8211       
338           33800         -2.9696       -0.0682       -3.0378       -3.0378       
339           33900         -3.7061       -0.0367       -3.7428       -3.7428       
340           34000         -3.8835       -0.0585       -3.942        -3.942        
341           34100         -2.3263       -0.0438       -2.3701       -2.3701       
342           34200         -1.3367       -0.0304       -1.3671       -1.3671       
343           34300         -2.3979       -0.0493       -2.4472       -2.4472       
344           34400         -1.9998       -0.0741       -2.0739       -2.0739       
345           34500         -3.7197       -0.0808       -3.8005       -3.8005       
346           34600         -2.3974       -0.0318       -2.4292       -2.4292       
347           34700         -3.3593       -0.0358       -3.3951       -3.3951       
348           34800         -2.4414       -0.0437       -2.4851       -2.4851       
349           34900         -1.4582       -0.0261       -1.4843       -1.4843       
350           35000         -1.7344       -0.0529       -1.7873       -1.7873       
351           35100         -2.4184       -0.0535       -2.4719       -2.4719       
352           35200         -1.9056       -0.0492       -1.9548       -1.9548       
353           35300         -2.7254       -0.0464       -2.7718       -2.7718       
354           35400         -2.0243       -0.0389       -2.0632       -2.0632       
355           35500         -2.9179       -0.0447       -2.9626       -2.9626       
356           35600         -1.2612       -0.0258       -1.287        -1.287        
357           35700         -2.8384       -0.0451       -2.8835       -2.8835       
358           35800         -2.0256       -0.0418       -2.0674       -2.0674       
359           35900         -3.3102       -0.0417       -3.3519       -3.3519       
360           36000         -2.8498       -0.0329       -2.8827       -2.8827       
361           36100         -3.1457       -0.0569       -3.2026       -3.2026       
362           36200         -3.2304       -0.0336       -3.264        -3.264        
363           36300         -2.3922       -0.0517       -2.4439       -2.4439       
364           36400         -2.6511       -0.038        -2.6891       -2.6891       
365           36500         -2.8344       -0.0306       -2.865        -2.865        
366           36600         -2.9163       -0.0421       -2.9584       -2.9584       
367           36700         -3.1333       -0.0462       -3.1795       -3.1795       
368           36800         -2.4098       -0.0532       -2.463        -2.463        
369           36900         -2.847        -0.044        -2.891        -2.891        
370           37000         -3.2022       -0.0514       -3.2536       -3.2536       
371           37100         -2.506        -0.0324       -2.5384       -2.5384       
372           37200         -4.4415       -0.0492       -4.4907       -4.4907       
373           37300         -2.9131       -0.0484       -2.9615       -2.9615       
374           37400         -2.0217       -0.0538       -2.0755       -2.0755       
375           37500         -1.3091       -0.0419       -1.351        -1.351        
376           37600         -2.3242       -0.0485       -2.3727       -2.3727       
377           37700         -2.1002       -0.0563       -2.1565       -2.1565       
378           37800         -3.1449       -0.0703       -3.2152       -3.2152       
379           37900         -1.3628       -0.0536       -1.4164       -1.4164       
380           38000         -1.1892       -0.0498       -1.239        -1.239        
381           38100         -4.7074       -0.0396       -4.747        -4.747        
382           38200         -2.6956       -0.0216       -2.7172       -2.7172       
383           38300         -1.7615       -0.0422       -1.8037       -1.8037       
384           38400         -2.359        -0.051        -2.41         -2.41         
385           38500         -1.0666       -0.0445       -1.1111       -1.1111       
386           38600         -2.4602       -0.0447       -2.5049       -2.5049       
387           38700         -1.1328       -0.0584       -1.1912       -1.1912       
388           38800         -2.9952       -0.0687       -3.0639       -3.0639       
389           38900         -1.2212       -0.0507       -1.2719       -1.2719       
390           39000         -0.9579       -0.0465       -1.0044       -1.0044       
391           39100         -1.9138       -0.0502       -1.964        -1.964        
392           39200         -0.5672       -0.0561       -0.6233       -0.6233       
393           39300         -3.5787       -0.0525       -3.6312       -3.6312       
394           39400         -1.8949       -0.0378       -1.9327       -1.9327       
395           39500         -2.5011       -0.0782       -2.5793       -2.5793       
396           39600         -2.0074       -0.0519       -2.0593       -2.0593       
397           39700         -2.7911       -0.0564       -2.8475       -2.8475       
398           39800         -2.2051       -0.0483       -2.2534       -2.2534       
399           39900         -2.9087       -0.0632       -2.9719       -2.9719       
400           40000         -2.0291       -0.0531       -2.0822       -2.0822       
401           40100         -5.3009       -0.0428       -5.3437       -5.3437       
402           40200         -2.4119       -0.0327       -2.4446       -2.4446       
403           40300         -2.8919       -0.0638       -2.9557       -2.9557       
404           40400         -3.3433       -0.0661       -3.4094       -3.4094       
405           40500         -3.207        -0.0641       -3.2711       -3.2711       
406           40600         -4.8902       -0.0551       -4.9453       -4.9453       
407           40700         -4.2622       -0.0831       -4.3453       -4.3453       
408           40800         -5.2567       -0.0971       -5.3538       -5.3538       
409           40900         -7.5122       -0.1129       -7.6251       -7.6251       
410           41000         -2.1228       -0.0473       -2.1701       -2.1701       
411           41100         -5.473        -0.0759       -5.5489       -5.5489       
412           41200         -4.4237       -0.0737       -4.4974       -4.4974       
413           41300         -3.0239       -0.0825       -3.1064       -3.1064       
414           41400         -3.8699       -0.0534       -3.9233       -3.9233       
415           41500         -3.5103       -0.0802       -3.5905       -3.5905       
416           41600         -2.6182       -0.0771       -2.6953       -2.6953       
417           41700         -3.3869       -0.0525       -3.4394       -3.4394       
418           41800         -4.2642       -0.0543       -4.3185       -4.3185       
419           41900         -4.2393       -0.0625       -4.3018       -4.3018       
420           42000         -3.8695       -0.0737       -3.9432       -3.9432       
421           42100         -2.0308       -0.0623       -2.0931       -2.0931       
422           42200         -3.3306       -0.0577       -3.3883       -3.3883       
423           42300         -1.775        -0.0448       -1.8198       -1.8198       
424           42400         -4.1971       -0.0423       -4.2394       -4.2394       
425           42500         -2.7071       -0.0537       -2.7608       -2.7608       
426           42600         -2.676        -0.0842       -2.7602       -2.7602       
427           42700         -2.0946       -0.0989       -2.1935       -2.1935       
428           42800         -2.5817       -0.0417       -2.6234       -2.6234       
429           42900         -5.6972       -0.0604       -5.7576       -5.7576       
430           43000         -3.3003       -0.0545       -3.3548       -3.3548       
431           43100         -2.6343       -0.0503       -2.6846       -2.6846       
432           43200         -2.1891       -0.0845       -2.2736       -2.2736       
433           43300         -1.71         -0.0608       -1.7708       -1.7708       
434           43400         -2.0893       -0.0599       -2.1492       -2.1492       
435           43500         -1.603        -0.0565       -1.6595       -1.6595       
436           43600         -2.3315       -0.0786       -2.4101       -2.4101       
437           43700         -1.9811       -0.1036       -2.0847       -2.0847       
438           43800         -0.8121       -0.103        -0.9151       -0.9151       
439           43900         -1.6997       -0.0724       -1.7721       -1.7721       
440           44000         -2.5087       -0.0756       -2.5843       -2.5843       
441           44100         -1.9815       -0.0881       -2.0696       -2.0696       
442           44200         -2.0339       -0.0448       -2.0787       -2.0787       
443           44300         -1.514        -0.0391       -1.5531       -1.5531       
444           44400         -1.3257       -0.063        -1.3887       -1.3887       
445           44500         -1.8605       -0.0506       -1.9111       -1.9111       
446           44600         -2.0379       -0.0501       -2.088        -2.088        
447           44700         -2.4367       -0.0549       -2.4916       -2.4916       
448           44800         -1.6742       -0.0487       -1.7229       -1.7229       
449           44900         -1.9876       -0.0425       -2.0301       -2.0301       
450           45000         -2.3083       -0.0556       -2.3639       -2.3639       
451           45100         -1.8524       -0.0542       -1.9066       -1.9066       
452           45200         -2.221        -0.0483       -2.2693       -2.2693       
453           45300         -3.8267       -0.0453       -3.872        -3.872        
454           45400         -2.5939       -0.0298       -2.6237       -2.6237       
455           45500         -2.1128       -0.0343       -2.1471       -2.1471       
456           45600         -1.9411       -0.0429       -1.984        -1.984        
457           45700         -2.2882       -0.0214       -2.3096       -2.3096       
458           45800         -2.8294       -0.0275       -2.8569       -2.8569       
459           45900         -2.8633       -0.0275       -2.8908       -2.8908       
460           46000         -3.0899       -0.0347       -3.1246       -3.1246       
461           46100         -2.1628       -0.0295       -2.1923       -2.1923       
462           46200         -2.0445       -0.0342       -2.0787       -2.0787       
463           46300         -3.5971       -0.0372       -3.6343       -3.6343       
464           46400         -2.0772       -0.0424       -2.1196       -2.1196       
465           46500         -3.2871       -0.0397       -3.3268       -3.3268       
466           46600         -1.1838       -0.0268       -1.2106       -1.2106       
467           46700         -1.7976       -0.0347       -1.8323       -1.8323       
468           46800         -3.3625       -0.0373       -3.3998       -3.3998       
469           46900         -3.5268       -0.0478       -3.5746       -3.5746       
470           47000         -4.5212       -0.0677       -4.5889       -4.5889       
471           47100         -2.8892       -0.0415       -2.9307       -2.9307       
472           47200         -3.116        -0.0295       -3.1455       -3.1455       
473           47300         -2.3347       -0.0171       -2.3518       -2.3518       
474           47400         -3.3127       -0.0464       -3.3591       -3.3591       
475           47500         -4.6524       -0.0588       -4.7112       -4.7112       
476           47600         -2.5926       -0.0659       -2.6585       -2.6585       
477           47700         -2.2576       -0.036        -2.2936       -2.2936       
478           47800         -3.6849       -0.0441       -3.729        -3.729        
479           47900         -1.5923       -0.0182       -1.6105       -1.6105       
480           48000         -2.8385       -0.0262       -2.8647       -2.8647       
481           48100         -3.9391       -0.0311       -3.9702       -3.9702       
482           48200         -3.2151       -0.0303       -3.2454       -3.2454       
483           48300         -1.8477       -0.0158       -1.8635       -1.8635       
484           48400         -3.8475       -0.0475       -3.895        -3.895        
485           48500         -3.3802       -0.0358       -3.416        -3.416        
486           48600         -4.1297       -0.0386       -4.1683       -4.1683       
487           48700         -3.2551       -0.0424       -3.2975       -3.2975       
488           48800         -2.907        -0.0313       -2.9383       -2.9383       
489           48900         -3.4946       -0.0571       -3.5517       -3.5517       
490           49000         -2.3811       -0.0336       -2.4147       -2.4147       
491           49100         -2.7481       -0.0254       -2.7735       -2.7735       
492           49200         -3.0219       -0.0479       -3.0698       -3.0698       
493           49300         -2.8069       -0.0406       -2.8475       -2.8475       
494           49400         -3.948        -0.0456       -3.9936       -3.9936       
495           49500         -3.8283       -0.0339       -3.8622       -3.8622       
496           49600         -2.8775       -0.045        -2.9225       -2.9225       
497           49700         -2.9827       -0.0381       -3.0208       -3.0208       
498           49800         -3.8511       -0.0428       -3.8939       -3.8939       
499           49900         -3.682        -0.0504       -3.7324       -3.7324       
500           50000         -4.9104       -0.0286       -4.939        -4.939        
501           50100         -2.8492       -0.0434       -2.8926       -2.8926       
502           50200         -2.2678       -0.045        -2.3128       -2.3128       
503           50300         -2.9148       -0.0791       -2.9939       -2.9939       
504           50400         -1.8208       -0.0485       -1.8693       -1.8693       
505           50500         -1.7583       -0.0581       -1.8164       -1.8164       
506           50600         -2.856        -0.0749       -2.9309       -2.9309       
507           50700         -5.2625       -0.0727       -5.3352       -5.3352       
508           50800         -1.1418       -0.0464       -1.1882       -1.1882       
509           50900         -1.5839       -0.0506       -1.6345       -1.6345       
510           51000         -2.6313       -0.0685       -2.6998       -2.6998       
511           51100         -0.9858       -0.0554       -1.0412       -1.0412       
512           51200         -3.5668       -0.0685       -3.6353       -3.6353       
513           51300         -1.8873       -0.0751       -1.9624       -1.9624       
514           51400         -3.825        -0.0548       -3.8798       -3.8798       
515           51500         -2.0025       -0.0917       -2.0942       -2.0942       
516           51600         -1.1902       -0.0805       -1.2707       -1.2707       
517           51700         -3.6272       -0.081        -3.7082       -3.7082       
518           51800         -1.8467       -0.0623       -1.909        -1.909        
519           51900         -1.7091       -0.0471       -1.7562       -1.7562       
520           52000         -0.3969       -0.055        -0.4519       -0.4519       
521           52100         -1.1502       -0.0643       -1.2145       -1.2145       
522           52200         -2.796        -0.048        -2.844        -2.844        
523           52300         -0.8099       -0.0502       -0.8601       -0.8601       
524           52400         -2.1015       -0.0589       -2.1604       -2.1604       
525           52500         -1.872        -0.0442       -1.9162       -1.9162       
526           52600         -2.4283       -0.0509       -2.4792       -2.4792       
527           52700         -2.4232       -0.0509       -2.4741       -2.4741       
528           52800         -2.4947       -0.0502       -2.5449       -2.5449       
529           52900         -2.2658       -0.0657       -2.3315       -2.3315       
530           53000         -3.1294       -0.0675       -3.1969       -3.1969       
531           53100         -1.6771       -0.0373       -1.7144       -1.7144       
532           53200         -1.9538       -0.043        -1.9968       -1.9968       
533           53300         -4.4739       -0.0953       -4.5692       -4.5692       
534           53400         -4.8577       -0.0732       -4.9309       -4.9309       
535           53500         -1.6519       -0.0438       -1.6957       -1.6957       
536           53600         -2.9663       -0.0478       -3.0141       -3.0141       
537           53700         -3.9103       -0.0661       -3.9764       -3.9764       
538           53800         -6.7565       -0.0657       -6.8222       -6.8222       
539           53900         -3.9426       -0.0691       -4.0117       -4.0117       
540           54000         -2.2502       -0.0811       -2.3313       -2.3313       
541           54100         -4.33         -0.0704       -4.4004       -4.4004       
542           54200         -2.3521       -0.0759       -2.428        -2.428        
543           54300         -4.1231       -0.0913       -4.2144       -4.2144       
544           54400         -2.6335       -0.0467       -2.6802       -2.6802       
545           54500         -3.416        -0.0799       -3.4959       -3.4959       
546           54600         -2.7719       -0.0403       -2.8122       -2.8122       
547           54700         -2.0863       -0.0384       -2.1247       -2.1247       
548           54800         -2.2227       -0.0895       -2.3122       -2.3122       
549           54900         -4.743        -0.1075       -4.8505       -4.8505       
550           55000         -2.3992       -0.0863       -2.4855       -2.4855       
551           55100         -3.9251       -0.093        -4.0181       -4.0181       
552           55200         -4.8627       -0.0976       -4.9603       -4.9603       
553           55300         -5.331        -0.0674       -5.3984       -5.3984       
554           55400         -2.6204       -0.0837       -2.7041       -2.7041       
555           55500         -3.0339       -0.0619       -3.0958       -3.0958       
556           55600         -2.0906       -0.0784       -2.169        -2.169        
557           55700         -3.2828       -0.1054       -3.3882       -3.3882       
558           55800         +0.149        -0.0869       +0.0621       +0.0621       
559           55900         -3.1168       -0.0951       -3.2119       -3.2119       
560           56000         -2.0047       -0.0819       -2.0866       -2.0866       
561           56100         -1.8476       -0.0639       -1.9115       -1.9115       
562           56200         -3.5316       -0.1074       -3.639        -3.639        
563           56300         -3.3081       -0.1009       -3.409        -3.409        
564           56400         -3.6896       -0.0807       -3.7703       -3.7703       
565           56500         -6.9698       -0.1321       -7.1019       -7.1019       
566           56600         -5.8608       -0.1112       -5.972        -5.972        
567           56700         -4.1776       -0.1136       -4.2912       -4.2912       
568           56800         -4.1111       -0.1326       -4.2437       -4.2437       
569           56900         -6.8704       -0.1226       -6.993        -6.993        
570           57000         -4.6691       -0.0902       -4.7593       -4.7593       
571           57100         -6.9435       -0.1001       -7.0436       -7.0436       
572           57200         -5.1763       -0.0824       -5.2587       -5.2587       
573           57300         -8.0757       -0.1027       -8.1784       -8.1784       
574           57400         -6.8512       -0.1164       -6.9676       -6.9676       
575           57500         -7.3575       -0.1162       -7.4737       -7.4737       
576           57600         -8.489        -0.1013       -8.5903       -8.5903       
577           57700         -4.3713       -0.0999       -4.4712       -4.4712       
578           57800         -4.3085       -0.1039       -4.4124       -4.4124       
579           57900         -3.9967       -0.0684       -4.0651       -4.0651       
580           58000         -7.4812       -0.1142       -7.5954       -7.5954       
581           58100         -6.1381       -0.1251       -6.2632       -6.2632       
582           58200         -5.9288       -0.0746       -6.0034       -6.0034       
583           58300         -6.8549       -0.1031       -6.958        -6.958        
584           58400         -4.8326       -0.0742       -4.9068       -4.9068       
585           58500         -6.7762       -0.0921       -6.8683       -6.8683       
586           58600         -7.1894       -0.0842       -7.2736       -7.2736       
587           58700         -6.9193       -0.108        -7.0273       -7.0273       
588           58800         -5.7621       -0.0888       -5.8509       -5.8509       
589           58900         -2.9759       -0.0826       -3.0585       -3.0585       
590           59000         -4.0209       -0.0609       -4.0818       -4.0818       
591           59100         -7.8896       -0.0711       -7.9607       -7.9607       
592           59200         -3.7579       -0.0415       -3.7994       -3.7994       
593           59300         -4.7298       -0.0531       -4.7829       -4.7829       
594           59400         -5.0207       -0.0919       -5.1126       -5.1126       
595           59500         -5.1323       -0.0605       -5.1928       -5.1928       
596           59600         -4.476        -0.0713       -4.5473       -4.5473       
597           59700         -2.454        -0.0296       -2.4836       -2.4836       
598           59800         -3.8515       -0.0345       -3.886        -3.886        
599           59900         -3.4673       -0.0268       -3.4941       -3.4941       
600           60000         -3.5397       -0.0446       -3.5843       -3.5843       
601           60100         -3.7894       -0.0468       -3.8362       -3.8362       
602           60200         -3.3805       -0.0353       -3.4158       -3.4158       
603           60300         -3.555        -0.0222       -3.5772       -3.5772       
604           60400         -4.7919       -0.1132       -4.9051       -4.9051       
605           60500         -3.2855       -0.087        -3.3725       -3.3725       
606           60600         -6.2738       -0.0968       -6.3706       -6.3706       
607           60700         -4.0476       -0.0619       -4.1095       -4.1095       
608           60800         -4.441        -0.079        -4.52         -4.52         
609           60900         -4.598        -0.0537       -4.6517       -4.6517       
610           61000         -2.6454       -0.0641       -2.7095       -2.7095       
611           61100         -3.761        -0.0682       -3.8292       -3.8292       
612           61200         -3.2093       -0.041        -3.2503       -3.2503       
613           61300         -2.6086       -0.0482       -2.6568       -2.6568       
614           61400         -4.5155       -0.0581       -4.5736       -4.5736       
615           61500         -3.6196       -0.0464       -3.666        -3.666        
616           61600         -4.5522       -0.0574       -4.6096       -4.6096       
617           61700         -3.1445       -0.0394       -3.1839       -3.1839       
618           61800         -3.1269       -0.0346       -3.1615       -3.1615       
619           61900         -5.0358       -0.0657       -5.1015       -5.1015       
620           62000         -5.7071       -0.0641       -5.7712       -5.7712       
621           62100         -4.8629       -0.077        -4.9399       -4.9399       
622           62200         -6.2367       -0.0789       -6.3156       -6.3156       
623           62300         -6.1153       -0.0667       -6.182        -6.182        
624           62400         -3.0889       -0.0578       -3.1467       -3.1467       
625           62500         -5.0491       -0.063        -5.1121       -5.1121       
626           62600         -3.6637       -0.0402       -3.7039       -3.7039       
627           62700         -4.7591       -0.0516       -4.8107       -4.8107       
628           62800         -5.2625       -0.0779       -5.3404       -5.3404       
629           62900         -8.1753       -0.1012       -8.2765       -8.2765       
630           63000         -5.4594       -0.0877       -5.5471       -5.5471       
631           63100         -4.9352       -0.0924       -5.0276       -5.0276       
632           63200         -6.4444       -0.0712       -6.5156       -6.5156       
633           63300         -5.3935       -0.0586       -5.4521       -5.4521       
634           63400         -4.2054       -0.0643       -4.2697       -4.2697       
635           63500         -4.6227       -0.0668       -4.6895       -4.6895       
636           63600         -4.992        -0.0583       -5.0503       -5.0503       
637           63700         -5.6862       -0.1017       -5.7879       -5.7879       
638           63800         -4.961        -0.0741       -5.0351       -5.0351       
639           63900         -5.4256       -0.0913       -5.5169       -5.5169       
640           64000         -6.278        -0.1052       -6.3832       -6.3832       
641           64100         -6.2985       -0.097        -6.3955       -6.3955       
642           64200         -5.6125       -0.1166       -5.7291       -5.7291       
643           64300         -4.8277       -0.0691       -4.8968       -4.8968       
644           64400         -5.7246       -0.0796       -5.8042       -5.8042       
645           64500         -5.3712       -0.1094       -5.4806       -5.4806       
646           64600         -5.6672       -0.0898       -5.757        -5.757        
647           64700         -6.3          -0.1279       -6.4279       -6.4279       
648           64800         -4.3618       -0.074        -4.4358       -4.4358       
649           64900         -6.6393       -0.1158       -6.7551       -6.7551       
650           65000         -5.658        -0.1027       -5.7607       -5.7607       
651           65100         -5.8372       -0.0909       -5.9281       -5.9281       
652           65200         -6.093        -0.1077       -6.2007       -6.2007       
653           65300         -4.7823       -0.0862       -4.8685       -4.8685       
654           65400         -6.2309       -0.0811       -6.312        -6.312        
655           65500         -7.0078       -0.0923       -7.1001       -7.1001       
656           65600         -3.0153       -0.0442       -3.0595       -3.0595       
657           65700         -7.318        -0.0985       -7.4165       -7.4165       
658           65800         -6.5372       -0.0704       -6.6076       -6.6076       
659           65900         -3.8216       -0.0705       -3.8921       -3.8921       
660           66000         -4.7338       -0.0645       -4.7983       -4.7983       
661           66100         -5.6221       -0.0904       -5.7125       -5.7125       
662           66200         -6.3623       -0.0995       -6.4618       -6.4618       
663           66300         -7.3811       -0.0927       -7.4738       -7.4738       
664           66400         -6.0491       -0.0613       -6.1104       -6.1104       
665           66500         -6.8818       -0.0825       -6.9643       -6.9643       
666           66600         -4.9583       -0.0425       -5.0008       -5.0008       
667           66700         -3.3432       -0.0421       -3.3853       -3.3853       
668           66800         -4.531        -0.0654       -4.5964       -4.5964       
669           66900         -4.5007       -0.0671       -4.5678       -4.5678       
670           67000         -3.4279       -0.0532       -3.4811       -3.4811       
671           67100         -2.2655       -0.0447       -2.3102       -2.3102       
672           67200         -4.0186       -0.0716       -4.0902       -4.0902       
673           67300         -1.441        -0.06         -1.501        -1.501        
674           67400         -3.0082       -0.054        -3.0622       -3.0622       
675           67500         -3.2853       -0.0611       -3.3464       -3.3464       
676           67600         -2.2108       -0.0545       -2.2653       -2.2653       
677           67700         -1.8244       -0.0668       -1.8912       -1.8912       
678           67800         -2.2883       -0.0626       -2.3509       -2.3509       
679           67900         -0.921        -0.0566       -0.9776       -0.9776       
680           68000         -3.7515       -0.0371       -3.7886       -3.7886       
681           68100         -3.4262       -0.0278       -3.454        -3.454        
682           68200         -1.8893       -0.0292       -1.9185       -1.9185       
683           68300         -1.7818       -0.0169       -1.7987       -1.7987       
684           68400         -2.4332       -0.0274       -2.4606       -2.4606       
685           68500         -2.5798       -0.0447       -2.6245       -2.6245       
686           68600         -4.4283       -0.0539       -4.4822       -4.4822       
687           68700         -1.9415       -0.0506       -1.9921       -1.9921       
688           68800         -1.4346       -0.0789       -1.5135       -1.5135       
689           68900         -4.7505       -0.0779       -4.8284       -4.8284       
690           69000         -3.1052       -0.0646       -3.1698       -3.1698       
691           69100         -2.2885       -0.0472       -2.3357       -2.3357       
692           69200         -2.2251       -0.0375       -2.2626       -2.2626       
693           69300         -2.0969       -0.0497       -2.1466       -2.1466       
694           69400         -4.3196       -0.0519       -4.3715       -4.3715       
695           69500         -2.7847       -0.0432       -2.8279       -2.8279       
696           69600         -2.2535       -0.0884       -2.3419       -2.3419       
697           69700         -5.3048       -0.0877       -5.3925       -5.3925       
698           69800         -0.695        -0.0492       -0.7442       -0.7442       
699           69900         -3.9412       -0.0638       -4.005        -4.005        
700           70000         -3.7637       -0.0632       -3.8269       -3.8269       
701           70100         -3.6919       -0.0603       -3.7522       -3.7522       
702           70200         -2.1382       -0.0456       -2.1838       -2.1838       
703           70300         -2.8815       -0.067        -2.9485       -2.9485       
704           70400         -5.2185       -0.054        -5.2725       -5.2725       
705           70500         -6.2158       -0.0907       -6.3065       -6.3065       
706           70600         -5.1822       -0.0723       -5.2545       -5.2545       
707           70700         -3.3597       -0.0867       -3.4464       -3.4464       
708           70800         -3.0186       -0.0219       -3.0405       -3.0405       
709           70900         -2.3056       -0.045        -2.3506       -2.3506       
710           71000         -2.6059       -0.0968       -2.7027       -2.7027       
711           71100         -3.5097       -0.0693       -3.579        -3.579        
712           71200         -2.361        -0.0544       -2.4154       -2.4154       
713           71300         -2.8957       -0.0478       -2.9435       -2.9435       
714           71400         -2.7347       -0.065        -2.7997       -2.7997       
715           71500         -3.5772       -0.0882       -3.6654       -3.6654       
716           71600         -4.0924       -0.0863       -4.1787       -4.1787       
717           71700         -3.2108       -0.051        -3.2618       -3.2618       
718           71800         -4.8428       -0.0725       -4.9153       -4.9153       
719           71900         -5.7187       -0.0847       -5.8034       -5.8034       
720           72000         -4.9019       -0.0865       -4.9884       -4.9884       
721           72100         -3.9707       -0.0616       -4.0323       -4.0323       
722           72200         -5.8282       -0.0593       -5.8875       -5.8875       
723           72300         -3.1901       -0.0517       -3.2418       -3.2418       
724           72400         -1.9699       -0.05         -2.0199       -2.0199       
725           72500         -3.8939       -0.0758       -3.9697       -3.9697       
726           72600         -2.3447       -0.0408       -2.3855       -2.3855       
727           72700         -2.7788       -0.0598       -2.8386       -2.8386       
728           72800         -0.9777       -0.0229       -1.0006       -1.0006       
729           72900         -1.2957       -0.0387       -1.3344       -1.3344       
730           73000         -1.3191       -0.0397       -1.3588       -1.3588       
731           73100         -2.3144       -0.05         -2.3644       -2.3644       
732           73200         -2.628        -0.0378       -2.6658       -2.6658       
733           73300         -2.117        -0.049        -2.166        -2.166        
734           73400         -1.4021       -0.0429       -1.445        -1.445        
735           73500         -3.2374       -0.0313       -3.2687       -3.2687       
736           73600         -1.4614       -0.0388       -1.5002       -1.5002       
737           73700         -2.226        -0.0457       -2.2717       -2.2717       
738           73800         -1.5119       -0.035        -1.5469       -1.5469       
739           73900         -2.7664       -0.054        -2.8204       -2.8204       
740           74000         -2.1985       -0.041        -2.2395       -2.2395       
741           74100         -1.8555       -0.0277       -1.8832       -1.8832       
742           74200         -0.7248       -0.0293       -0.7541       -0.7541       
743           74300         -2.1575       -0.0526       -2.2101       -2.2101       
744           74400         -2.2117       -0.0716       -2.2833       -2.2833       
745           74500         -2.2986       -0.048        -2.3466       -2.3466       
746           74600         -5.3573       -0.0661       -5.4234       -5.4234       
747           74700         -4.2997       -0.08         -4.3797       -4.3797       
748           74800         -3.2241       -0.0615       -3.2856       -3.2856       
749           74900         -3.644        -0.0676       -3.7116       -3.7116       
750           75000         -1.4687       -0.0298       -1.4985       -1.4985       
751           75100         -1.4261       -0.0359       -1.462        -1.462        
752           75200         -5.3567       -0.0644       -5.4211       -5.4211       
753           75300         -4.5765       -0.064        -4.6405       -4.6405       
754           75400         -1.8955       -0.0493       -1.9448       -1.9448       
755           75500         -2.0452       -0.0753       -2.1205       -2.1205       
756           75600         -3.9248       -0.0846       -4.0094       -4.0094       
757           75700         -3.4087       -0.0539       -3.4626       -3.4626       
758           75800         -2.5065       -0.0462       -2.5527       -2.5527       
759           75900         -2.6568       -0.0754       -2.7322       -2.7322       
760           76000         -5.4448       -0.0668       -5.5116       -5.5116       
761           76100         -2.9427       -0.0452       -2.9879       -2.9879       
762           76200         -3.7241       -0.0792       -3.8033       -3.8033       
763           76300         -4.83         -0.0649       -4.8949       -4.8949       
764           76400         -2.3625       -0.0278       -2.3903       -2.3903       
765           76500         -4.7384       -0.0804       -4.8188       -4.8188       
766           76600         -2.7366       -0.0383       -2.7749       -2.7749       
767           76700         -2.5701       -0.0274       -2.5975       -2.5975       
768           76800         -3.5529       -0.0396       -3.5925       -3.5925       
769           76900         -1.1626       -0.0182       -1.1808       -1.1808       
770           77000         -2.2486       -0.0213       -2.2699       -2.2699       
771           77100         -1.7614       -0.0238       -1.7852       -1.7852       
772           77200         -1.7478       -0.0508       -1.7986       -1.7986       
773           77300         -3.0906       -0.0341       -3.1247       -3.1247       
774           77400         -2.5328       -0.0213       -2.5541       -2.5541       
775           77500         -2.7329       -0.0509       -2.7838       -2.7838       
776           77600         -2.3038       -0.0227       -2.3265       -2.3265       
777           77700         -4.3501       -0.0812       -4.4313       -4.4313       
778           77800         -4.0773       -0.0636       -4.1409       -4.1409       
779           77900         -2.5756       -0.0191       -2.5947       -2.5947       
780           78000         -3.4827       -0.0325       -3.5152       -3.5152       
781           78100         -2.236        -0.0186       -2.2546       -2.2546       
782           78200         -2.0821       -0.0145       -2.0966       -2.0966       
783           78300         -4.0992       -0.0517       -4.1509       -4.1509       
784           78400         -3.47         -0.0336       -3.5036       -3.5036       
785           78500         -5.3556       -0.0671       -5.4227       -5.4227       
786           78600         -2.7394       -0.0483       -2.7877       -2.7877       
787           78700         -2.0589       -0.0429       -2.1018       -2.1018       
788           78800         -1.7935       -0.0179       -1.8114       -1.8114       
789           78900         -1.3932       -0.0088       -1.402        -1.402        
790           79000         -2.3268       -0.0083       -2.3351       -2.3351       
791           79100         -1.8083       -0.0171       -1.8254       -1.8254       
792           79200         -1.2998       -0.01         -1.3098       -1.3098       
793           79300         -4.2286       -0.0373       -4.2659       -4.2659       
794           79400         -1.6435       -0.0294       -1.6729       -1.6729       
795           79500         -2.7443       -0.0167       -2.761        -2.761        
796           79600         -2.7398       -0.0264       -2.7662       -2.7662       
797           79700         -2.2758       -0.0218       -2.2976       -2.2976       
798           79800         -2.0991       -0.0308       -2.1299       -2.1299       
799           79900         -2.4836       -0.0229       -2.5065       -2.5065       
800           80000         -3.1936       -0.0406       -3.2342       -3.2342       
801           80100         -2.2665       -0.0438       -2.3103       -2.3103       
802           80200         -2.6698       -0.0278       -2.6976       -2.6976       
803           80300         -1.0183       -0.0118       -1.0301       -1.0301       
804           80400         -1.1578       -0.0367       -1.1945       -1.1945       
805           80500         -2.3749       -0.043        -2.4179       -2.4179       
806           80600         -2.4043       -0.0335       -2.4378       -2.4378       
807           80700         -2.2763       -0.0354       -2.3117       -2.3117       
808           80800         -2.8081       -0.0665       -2.8746       -2.8746       
809           80900         -2.7384       -0.0385       -2.7769       -2.7769       
810           81000         -4.4746       -0.0524       -4.527        -4.527        
811           81100         -3.4096       -0.0247       -3.4343       -3.4343       
812           81200         -3.7079       -0.0312       -3.7391       -3.7391       
813           81300         -2.8276       -0.0223       -2.8499       -2.8499       
814           81400         -5.8264       -0.072        -5.8984       -5.8984       
815           81500         -4.865        -0.0577       -4.9227       -4.9227       
816           81600         -4.2104       -0.0494       -4.2598       -4.2598       
817           81700         -3.3928       -0.0235       -3.4163       -3.4163       
818           81800         -2.0295       -0.0382       -2.0677       -2.0677       
819           81900         -4.6117       -0.0402       -4.6519       -4.6519       
820           82000         -3.3443       -0.0546       -3.3989       -3.3989       
821           82100         -2.3944       -0.0322       -2.4266       -2.4266       
822           82200         -2.3184       -0.0249       -2.3433       -2.3433       
823           82300         -2.3422       -0.0499       -2.3921       -2.3921       
824           82400         -3.4449       -0.058        -3.5029       -3.5029       
825           82500         -7.1973       -0.0773       -7.2746       -7.2746       
826           82600         -5.7702       -0.0506       -5.8208       -5.8208       
827           82700         -3.4039       -0.0912       -3.4951       -3.4951       
828           82800         -6.0487       -0.0879       -6.1366       -6.1366       
829           82900         -7.1022       -0.0936       -7.1958       -7.1958       
830           83000         -5.9856       -0.0749       -6.0605       -6.0605       
831           83100         -4.4176       -0.0882       -4.5058       -4.5058       
832           83200         -5.1795       -0.0559       -5.2354       -5.2354       
833           83300         -4.368        -0.0512       -4.4192       -4.4192       
834           83400         -6.5894       -0.0793       -6.6687       -6.6687       
835           83500         -6.0286       -0.0621       -6.0907       -6.0907       
836           83600         -4.6713       -0.0876       -4.7589       -4.7589       
837           83700         -3.5475       -0.0623       -3.6098       -3.6098       
838           83800         -4.2747       -0.0693       -4.344        -4.344        
839           83900         -3.0403       -0.0314       -3.0717       -3.0717       
840           84000         -4.5545       -0.0499       -4.6044       -4.6044       
841           84100         -7.5202       -0.1062       -7.6264       -7.6264       
842           84200         -5.5246       -0.0958       -5.6204       -5.6204       
843           84300         -2.2204       -0.0554       -2.2758       -2.2758       
844           84400         -7.7444       -0.0815       -7.8259       -7.8259       
845           84500         -7.2699       -0.0835       -7.3534       -7.3534       
846           84600         -5.0431       -0.0718       -5.1149       -5.1149       
847           84700         -4.5384       -0.0524       -4.5908       -4.5908       
848           84800         -6.2248       -0.0554       -6.2802       -6.2802       
849           84900         -6.7722       -0.0877       -6.8599       -6.8599       
850           85000         -6.9787       -0.1083       -7.087        -7.087        
851           85100         -5.2396       -0.0755       -5.3151       -5.3151       
852           85200         -7.0893       -0.1388       -7.2281       -7.2281       
853           85300         -6.4337       -0.0723       -6.506        -6.506        
854           85400         -4.5767       -0.0651       -4.6418       -4.6418       
855           85500         -5.6066       -0.0505       -5.6571       -5.6571       
856           85600         -4.2573       -0.0517       -4.309        -4.309        
857           85700         -4.247        -0.0874       -4.3344       -4.3344       
858           85800         -7.6787       -0.0918       -7.7705       -7.7705       
859           85900         -6.26         -0.0816       -6.3416       -6.3416       
860           86000         -5.7133       -0.0575       -5.7708       -5.7708       
861           86100         -4.1103       -0.0592       -4.1695       -4.1695       
862           86200         -7.0177       -0.0976       -7.1153       -7.1153       
863           86300         -6.5826       -0.0661       -6.6487       -6.6487       
864           86400         -4.2949       -0.0982       -4.3931       -4.3931       
865           86500         -5.1808       -0.0523       -5.2331       -5.2331       
866           86600         -5.51         -0.0448       -5.5548       -5.5548       
867           86700         -4.5016       -0.0434       -4.545        -4.545        
868           86800         -4.0058       -0.0716       -4.0774       -4.0774       
869           86900         -4.2895       -0.0615       -4.351        -4.351        
870           87000         -4.9555       -0.0977       -5.0532       -5.0532       
871           87100         -5.7987       -0.1115       -5.9102       -5.9102       
872           87200         -3.6467       -0.0979       -3.7446       -3.7446       
873           87300         -5.1363       -0.0988       -5.2351       -5.2351       
874           87400         -5.2942       -0.082        -5.3762       -5.3762       
875           87500         -4.7965       -0.072        -4.8685       -4.8685       
876           87600         -3.9888       -0.0664       -4.0552       -4.0552       
877           87700         -3.189        -0.0483       -3.2373       -3.2373       
878           87800         -4.9565       -0.0785       -5.035        -5.035        
879           87900         -4.9784       -0.0736       -5.052        -5.052        
880           88000         -6.1035       -0.0812       -6.1847       -6.1847       
881           88100         -4.5202       -0.0767       -4.5969       -4.5969       
882           88200         -4.666        -0.0935       -4.7595       -4.7595       
883           88300         -3.414        -0.0871       -3.5011       -3.5011       
884           88400         -4.3928       -0.0578       -4.4506       -4.4506       
885           88500         -5.744        -0.1131       -5.8571       -5.8571       
886           88600         -5.5673       -0.0981       -5.6654       -5.6654       
887           88700         -4.0075       -0.0543       -4.0618       -4.0618       
888           88800         -5.3239       -0.0951       -5.419        -5.419        
889           88900         -4.1804       -0.0762       -4.2566       -4.2566       
890           89000         -4.9012       -0.1014       -5.0026       -5.0026       
891           89100         -3.3323       -0.0699       -3.4022       -3.4022       
892           89200         -6.6383       -0.0948       -6.7331       -6.7331       
893           89300         -3.77         -0.0857       -3.8557       -3.8557       
894           89400         -5.0706       -0.0907       -5.1613       -5.1613       
895           89500         -4.2461       -0.0751       -4.3212       -4.3212       
896           89600         -4.1678       -0.0724       -4.2402       -4.2402       
897           89700         -2.8737       -0.0634       -2.9371       -2.9371       
898           89800         -3.1006       -0.0859       -3.1865       -3.1865       
899           89900         -5.3903       -0.0862       -5.4765       -5.4765       
900           90000         -4.659        -0.1005       -4.7595       -4.7595       
901           90100         -4.4543       -0.0787       -4.533        -4.533        
902           90200         -0.8952       -0.1438       -1.039        -1.039        
903           90300         -3.9032       -0.0999       -4.0031       -4.0031       
904           90400         -3.711        -0.0656       -3.7766       -3.7766       
905           90500         -2.7937       -0.0469       -2.8406       -2.8406       
906           90600         -2.6548       -0.1201       -2.7749       -2.7749       
907           90700         -3.9213       -0.053        -3.9743       -3.9743       
