Frame         Time          Elec          VdW           Nonbond       Total         
0             0             -2.0913       -0.0436       -2.1349       -2.1349       
1             1000          -3.0618       -0.0483       -3.1101       -3.1101       
2             2000          -2.3939       -0.0571       -2.451        -2.451        
3             3000          -2.8953       -0.0395       -2.9348       -2.9348       
4             4000          -3.669        -0.042        -3.711        -3.711        
5             5000          -4.3502       -0.0803       -4.4305       -4.4305       
6             6000          -2.7306       -0.0617       -2.7923       -2.7923       
7             7000          -3.0003       -0.0478       -3.0481       -3.0481       
8             8000          -1.9486       -0.0575       -2.0061       -2.0061       
9             9000          -2.1442       -0.0461       -2.1903       -2.1903       
10            10000         -2.9224       -0.108        -3.0304       -3.0304       
11            11000         -0.6138       -0.0544       -0.6682       -0.6682       
12            12000         -2.7933       -0.0838       -2.8771       -2.8771       
13            13000         -2.8886       -0.0565       -2.9451       -2.9451       
14            14000         -1.689        -0.0836       -1.7726       -1.7726       
15            15000         -1.9237       -0.0642       -1.9879       -1.9879       
16            16000         -3.0992       -0.0777       -3.1769       -3.1769       
17            17000         -1.9924       -0.075        -2.0674       -2.0674       
18            18000         -3.1842       -0.0742       -3.2584       -3.2584       
19            19000         -2.9925       -0.0428       -3.0353       -3.0353       
20            20000         -2.6855       -0.0516       -2.7371       -2.7371       
21            21000         -3.0094       -0.0536       -3.063        -3.063        
22            22000         -3.6965       -0.0572       -3.7537       -3.7537       
23            23000         -1.8246       -0.084        -1.9086       -1.9086       
24            24000         -3.1053       -0.0674       -3.1727       -3.1727       
25            25000         -2.4548       -0.0723       -2.5271       -2.5271       
26            26000         -3.1338       -0.0667       -3.2005       -3.2005       
27            27000         -1.7108       -0.0721       -1.7829       -1.7829       
28            28000         -3.1873       -0.0774       -3.2647       -3.2647       
29            29000         -2.0864       -0.0628       -2.1492       -2.1492       
30            30000         -2.5688       -0.0484       -2.6172       -2.6172       
31            31000         -1.5001       -0.0548       -1.5549       -1.5549       
32            32000         -1.6408       -0.0479       -1.6887       -1.6887       
33            33000         -2.2233       -0.0375       -2.2608       -2.2608       
34            34000         -2.6617       -0.0406       -2.7023       -2.7023       
35            35000         -3.6231       -0.0606       -3.6837       -3.6837       
36            36000         -3.2661       -0.0639       -3.33         -3.33         
37            37000         -1.3865       -0.0428       -1.4293       -1.4293       
38            38000         -2.0009       -0.0881       -2.089        -2.089        
39            39000         -0.9149       -0.0614       -0.9763       -0.9763       
40            40000         -1.215        -0.0598       -1.2748       -1.2748       
41            41000         -1.3711       -0.0775       -1.4486       -1.4486       
42            42000         -1.9134       -0.0409       -1.9543       -1.9543       
43            43000         -1.8976       -0.0728       -1.9704       -1.9704       
44            44000         -1.1169       -0.082        -1.1989       -1.1989       
45            45000         -1.6983       -0.0809       -1.7792       -1.7792       
46            46000         -1.5946       -0.08         -1.6746       -1.6746       
47            47000         -1.686        -0.0742       -1.7602       -1.7602       
48            48000         -1.8814       -0.0551       -1.9365       -1.9365       
49            49000         -1.1302       -0.0555       -1.1857       -1.1857       
50            50000         -1.6195       -0.0588       -1.6783       -1.6783       
51            51000         -0.9699       -0.0547       -1.0246       -1.0246       
52            52000         -1.9247       -0.0423       -1.967        -1.967        
53            53000         -1.5308       -0.0573       -1.5881       -1.5881       
54            54000         -2.8426       -0.0477       -2.8903       -2.8903       
55            55000         -3.1014       -0.0629       -3.1643       -3.1643       
56            56000         -2.3092       -0.0579       -2.3671       -2.3671       
57            57000         -1.1345       -0.0689       -1.2034       -1.2034       
58            58000         -1.3226       -0.0303       -1.3529       -1.3529       
59            59000         -2.3852       -0.075        -2.4602       -2.4602       
60            60000         -1.4415       -0.0615       -1.503        -1.503        
61            61000         -2.1518       -0.0452       -2.197        -2.197        
62            62000         -3.3648       -0.0539       -3.4187       -3.4187       
63            63000         -1.4796       -0.0303       -1.5099       -1.5099       
64            64000         -0.974        -0.0511       -1.0251       -1.0251       
65            65000         -2.2311       -0.071        -2.3021       -2.3021       
66            66000         -2.2184       -0.075        -2.2934       -2.2934       
67            67000         -3.7048       -0.0745       -3.7793       -3.7793       
68            68000         -2.4113       -0.076        -2.4873       -2.4873       
69            69000         -1.3979       -0.078        -1.4759       -1.4759       
70            70000         -1.1009       -0.0675       -1.1684       -1.1684       
71            71000         -1.6026       -0.0501       -1.6527       -1.6527       
72            72000         -1.9966       -0.0441       -2.0407       -2.0407       
73            73000         -2.256        -0.0554       -2.3114       -2.3114       
74            74000         -1.5413       -0.0286       -1.5699       -1.5699       
75            75000         -2.064        -0.0481       -2.1121       -2.1121       
76            76000         -1.9278       -0.0398       -1.9676       -1.9676       
77            77000         -1.1123       -0.0308       -1.1431       -1.1431       
78            78000         -1.4794       -0.0315       -1.5109       -1.5109       
79            79000         -1.1478       -0.0367       -1.1845       -1.1845       
80            80000         -0.8483       -0.042        -0.8903       -0.8903       
81            81000         -0.4188       -0.0329       -0.4517       -0.4517       
82            82000         -0.7375       -0.0245       -0.762        -0.762        
83            83000         -0.9289       -0.0332       -0.9621       -0.9621       
84            84000         -1.1719       -0.0343       -1.2062       -1.2062       
85            85000         -1.2192       -0.021        -1.2402       -1.2402       
86            86000         -1.1684       -0.0299       -1.1983       -1.1983       
87            87000         -1.4237       -0.0339       -1.4576       -1.4576       
88            88000         -1.956        -0.0445       -2.0005       -2.0005       
89            89000         -1.4348       -0.0394       -1.4742       -1.4742       
90            90000         -2.2055       -0.0282       -2.2337       -2.2337       
91            91000         -1.5036       -0.0287       -1.5323       -1.5323       
92            92000         -1.916        -0.0322       -1.9482       -1.9482       
93            93000         -1.3406       -0.0376       -1.3782       -1.3782       
94            94000         -1.4642       -0.02         -1.4842       -1.4842       
95            95000         -1.0345       -0.0191       -1.0536       -1.0536       
96            96000         -1.9552       -0.0285       -1.9837       -1.9837       
97            97000         -1.246        -0.0396       -1.2856       -1.2856       
98            98000         -1.3668       -0.047        -1.4138       -1.4138       
99            99000         -1.2342       -0.0372       -1.2714       -1.2714       
100           100000        -1.9705       -0.0756       -2.0461       -2.0461       
101           101000        -1.1379       -0.0825       -1.2204       -1.2204       
102           102000        -1.8875       -0.043        -1.9305       -1.9305       
103           103000        -1.4422       -0.0518       -1.494        -1.494        
104           104000        -0.8849       -0.0436       -0.9285       -0.9285       
105           105000        -1.7485       -0.0588       -1.8073       -1.8073       
106           106000        -2.5904       -0.0698       -2.6602       -2.6602       
107           107000        -0.7716       -0.0642       -0.8358       -0.8358       
108           108000        -1.8739       -0.0526       -1.9265       -1.9265       
109           109000        -1.4085       -0.0768       -1.4853       -1.4853       
110           110000        -1.6055       -0.0705       -1.676        -1.676        
111           111000        -1.9813       -0.0759       -2.0572       -2.0572       
112           112000        -0.4946       -0.0766       -0.5712       -0.5712       
113           113000        -1.3539       -0.0688       -1.4227       -1.4227       
114           114000        -1.964        -0.0733       -2.0373       -2.0373       
115           115000        -0.797        -0.0705       -0.8675       -0.8675       
116           116000        -1.1272       -0.0584       -1.1856       -1.1856       
117           117000        -1.4739       -0.0813       -1.5552       -1.5552       
118           118000        -1.0097       -0.077        -1.0867       -1.0867       
119           119000        -0.6359       -0.0512       -0.6871       -0.6871       
120           120000        -0.9698       -0.0744       -1.0442       -1.0442       
121           121000        -2.9667       -0.0718       -3.0385       -3.0385       
122           122000        -1.2211       -0.0646       -1.2857       -1.2857       
123           123000        -0.5135       -0.046        -0.5595       -0.5595       
124           124000        -0.7167       -0.0666       -0.7833       -0.7833       
125           125000        -0.6815       -0.0381       -0.7196       -0.7196       
126           126000        -1.1237       -0.0572       -1.1809       -1.1809       
127           127000        -1.0385       -0.0555       -1.094        -1.094        
128           128000        -1.2706       -0.0532       -1.3238       -1.3238       
129           129000        -1.7635       -0.0964       -1.8599       -1.8599       
130           130000        -1.3689       -0.0794       -1.4483       -1.4483       
131           131000        -0.968        -0.0573       -1.0253       -1.0253       
132           132000        -0.7556       -0.0796       -0.8352       -0.8352       
133           133000        -1.0297       -0.0842       -1.1139       -1.1139       
134           134000        -0.6992       -0.0691       -0.7683       -0.7683       
135           135000        -0.813        -0.0986       -0.9116       -0.9116       
136           136000        -1.8341       -0.0869       -1.921        -1.921        
137           137000        -0.798        -0.1126       -0.9106       -0.9106       
138           138000        -2.1401       -0.1026       -2.2427       -2.2427       
139           139000        -0.4159       -0.0837       -0.4996       -0.4996       
140           140000        -2.5369       -0.081        -2.6179       -2.6179       
141           141000        -2.6501       -0.0675       -2.7176       -2.7176       
142           142000        -3.7999       -0.0731       -3.873        -3.873        
143           143000        -3.6371       -0.062        -3.6991       -3.6991       
144           144000        -2.7447       -0.0551       -2.7998       -2.7998       
145           145000        -2.5734       -0.0617       -2.6351       -2.6351       
146           146000        -4.3331       -0.0721       -4.4052       -4.4052       
147           147000        -3.064        -0.0617       -3.1257       -3.1257       
148           148000        -2.687        -0.0738       -2.7608       -2.7608       
149           149000        -2.443        -0.0711       -2.5141       -2.5141       
150           150000        -3.4378       -0.0654       -3.5032       -3.5032       
151           151000        -2.4914       -0.0751       -2.5665       -2.5665       
152           152000        -2.2969       -0.0539       -2.3508       -2.3508       
153           153000        -3.1137       -0.0473       -3.161        -3.161        
154           154000        -2.5371       -0.0716       -2.6087       -2.6087       
155           155000        -5.1625       -0.079        -5.2415       -5.2415       
156           156000        -3.2286       -0.0628       -3.2914       -3.2914       
157           157000        -1.8656       -0.05         -1.9156       -1.9156       
158           158000        -2.8642       -0.0651       -2.9293       -2.9293       
159           159000        -2.3476       -0.0399       -2.3875       -2.3875       
160           160000        -2.1639       -0.0831       -2.247        -2.247        
161           161000        -1.8405       -0.0726       -1.9131       -1.9131       
162           162000        -1.9316       -0.0795       -2.0111       -2.0111       
163           163000        -2.0895       -0.0792       -2.1687       -2.1687       
164           164000        -3.7048       -0.0906       -3.7954       -3.7954       
165           165000        -3.0052       -0.0737       -3.0789       -3.0789       
166           166000        -1.814        -0.0738       -1.8878       -1.8878       
167           167000        -3.0462       -0.0843       -3.1305       -3.1305       
168           168000        -2.5514       -0.0722       -2.6236       -2.6236       
169           169000        -1.0545       -0.0697       -1.1242       -1.1242       
170           170000        -2.2889       -0.0879       -2.3768       -2.3768       
171           171000        -2.1164       -0.0755       -2.1919       -2.1919       
172           172000        -1.852        -0.0577       -1.9097       -1.9097       
173           173000        -0.898        -0.0705       -0.9685       -0.9685       
174           174000        -3.1419       -0.0879       -3.2298       -3.2298       
175           175000        -4.5744       -0.0863       -4.6607       -4.6607       
176           176000        -3.3028       -0.0688       -3.3716       -3.3716       
177           177000        -3.0385       -0.0623       -3.1008       -3.1008       
178           178000        -3.4157       -0.0574       -3.4731       -3.4731       
179           179000        -2.7084       -0.0587       -2.7671       -2.7671       
180           180000        -3.7197       -0.0841       -3.8038       -3.8038       
181           181000        -2.6528       -0.0597       -2.7125       -2.7125       
182           182000        -1.9847       -0.0534       -2.0381       -2.0381       
183           183000        -4.1548       -0.0677       -4.2225       -4.2225       
184           184000        -3.1523       -0.0618       -3.2141       -3.2141       
185           185000        -2.3266       -0.0417       -2.3683       -2.3683       
186           186000        -2.0913       -0.0678       -2.1591       -2.1591       
187           187000        -3.4685       -0.0563       -3.5248       -3.5248       
188           188000        -2.1698       -0.0413       -2.2111       -2.2111       
189           189000        -3.3316       -0.0623       -3.3939       -3.3939       
190           190000        -3.052        -0.0533       -3.1053       -3.1053       
191           191000        -1.7024       -0.0452       -1.7476       -1.7476       
192           192000        -2.91         -0.0563       -2.9663       -2.9663       
193           193000        -3.3345       -0.0796       -3.4141       -3.4141       
194           194000        -2.2779       -0.0629       -2.3408       -2.3408       
195           195000        -2.7346       -0.0872       -2.8218       -2.8218       
196           196000        -1.8312       -0.047        -1.8782       -1.8782       
197           197000        -3.0405       -0.0456       -3.0861       -3.0861       
198           198000        -2.5163       -0.0582       -2.5745       -2.5745       
199           199000        -2.8238       -0.0852       -2.909        -2.909        
200           200000        -2.6504       -0.0644       -2.7148       -2.7148       
201           201000        -3.3465       -0.0852       -3.4317       -3.4317       
202           202000        -3.1432       -0.0486       -3.1918       -3.1918       
203           203000        -2.3799       -0.0516       -2.4315       -2.4315       
204           204000        -2.1442       -0.0386       -2.1828       -2.1828       
205           205000        -2.6181       -0.0738       -2.6919       -2.6919       
206           206000        -3.517        -0.088        -3.605        -3.605        
207           207000        -2.5287       -0.0534       -2.5821       -2.5821       
208           208000        -2.9806       -0.0783       -3.0589       -3.0589       
209           209000        -2.2901       -0.0716       -2.3617       -2.3617       
210           210000        -3.9801       -0.0683       -4.0484       -4.0484       
211           211000        -3.2697       -0.0875       -3.3572       -3.3572       
212           212000        -2.543        -0.0505       -2.5935       -2.5935       
213           213000        -2.7941       -0.0578       -2.8519       -2.8519       
214           214000        -1.7039       -0.0598       -1.7637       -1.7637       
215           215000        -2.5939       -0.0535       -2.6474       -2.6474       
216           216000        -2.4891       -0.0669       -2.556        -2.556        
217           217000        -3.4182       -0.0509       -3.4691       -3.4691       
218           218000        -2.5898       -0.0464       -2.6362       -2.6362       
219           219000        -2.473        -0.0478       -2.5208       -2.5208       
220           220000        -2.2177       -0.0512       -2.2689       -2.2689       
221           221000        -3.9532       -0.0727       -4.0259       -4.0259       
222           222000        -2.3952       -0.0665       -2.4617       -2.4617       
223           223000        -3.1921       -0.061        -3.2531       -3.2531       
224           224000        -3.1991       -0.0431       -3.2422       -3.2422       
225           225000        -3.7587       -0.0418       -3.8005       -3.8005       
226           226000        -2.1903       -0.0297       -2.22         -2.22         
227           227000        -4.9352       -0.0321       -4.9673       -4.9673       
228           228000        -3.5508       -0.0333       -3.5841       -3.5841       
229           229000        -2.779        -0.0397       -2.8187       -2.8187       
230           230000        -1.7715       -0.0462       -1.8177       -1.8177       
231           231000        -2.7721       -0.0579       -2.83         -2.83         
232           232000        -1.9418       -0.0487       -1.9905       -1.9905       
233           233000        -1.638        -0.0588       -1.6968       -1.6968       
234           234000        -1.7936       -0.0418       -1.8354       -1.8354       
235           235000        -1.8463       -0.0354       -1.8817       -1.8817       
236           236000        -2.3775       -0.0768       -2.4543       -2.4543       
237           237000        -3.5261       -0.0483       -3.5744       -3.5744       
238           238000        -2.5512       -0.0484       -2.5996       -2.5996       
239           239000        -2.7759       -0.0285       -2.8044       -2.8044       
240           240000        -1.5702       -0.0465       -1.6167       -1.6167       
241           241000        -2.3627       -0.0466       -2.4093       -2.4093       
242           242000        -2.2048       -0.0269       -2.2317       -2.2317       
243           243000        -1.506        -0.0498       -1.5558       -1.5558       
244           244000        -1.0827       -0.0487       -1.1314       -1.1314       
245           245000        -2.4578       -0.0441       -2.5019       -2.5019       
246           246000        -1.4304       -0.0275       -1.4579       -1.4579       
247           247000        -2.8002       -0.0511       -2.8513       -2.8513       
248           248000        -3.8285       -0.0468       -3.8753       -3.8753       
249           249000        -3.1797       -0.0647       -3.2444       -3.2444       
250           250000        -3.416        -0.0585       -3.4745       -3.4745       
251           251000        -2.8787       -0.0308       -2.9095       -2.9095       
252           252000        -1.6726       -0.0487       -1.7213       -1.7213       
253           253000        -1.813        -0.043        -1.856        -1.856        
254           254000        -3.4972       -0.0568       -3.554        -3.554        
255           255000        -0.728        -0.036        -0.764        -0.764        
256           256000        -1.8993       -0.0397       -1.939        -1.939        
257           257000        -2.6249       -0.0622       -2.6871       -2.6871       
258           258000        -3.5323       -0.0664       -3.5987       -3.5987       
259           259000        -2.3804       -0.0675       -2.4479       -2.4479       
260           260000        -1.3175       -0.037        -1.3545       -1.3545       
261           261000        -1.5509       -0.0245       -1.5754       -1.5754       
262           262000        -1.8438       -0.0359       -1.8797       -1.8797       
263           263000        -2.361        -0.0378       -2.3988       -2.3988       
264           264000        -2.8758       -0.0562       -2.932        -2.932        
265           265000        -1.8021       -0.043        -1.8451       -1.8451       
266           266000        -3.4699       -0.0573       -3.5272       -3.5272       
267           267000        -3.2481       -0.0632       -3.3113       -3.3113       
268           268000        -2.1558       -0.0752       -2.231        -2.231        
269           269000        -1.4135       -0.0777       -1.4912       -1.4912       
270           270000        -2.2427       -0.0892       -2.3319       -2.3319       
271           271000        -2.0567       -0.0558       -2.1125       -2.1125       
272           272000        -1.7857       -0.0452       -1.8309       -1.8309       
273           273000        -4.0776       -0.0601       -4.1377       -4.1377       
274           274000        -2.2619       -0.0386       -2.3005       -2.3005       
275           275000        -2.5837       -0.0603       -2.644        -2.644        
276           276000        -3.2001       -0.0513       -3.2514       -3.2514       
277           277000        -2.3816       -0.0374       -2.419        -2.419        
278           278000        -3.0105       -0.0478       -3.0583       -3.0583       
279           279000        -2.4374       -0.0421       -2.4795       -2.4795       
280           280000        -2.8627       -0.0482       -2.9109       -2.9109       
281           281000        -4.1993       -0.057        -4.2563       -4.2563       
282           282000        -4.152        -0.0565       -4.2085       -4.2085       
283           283000        -5.2962       -0.0679       -5.3641       -5.3641       
284           284000        -3.3157       -0.049        -3.3647       -3.3647       
285           285000        -4.3781       -0.0576       -4.4357       -4.4357       
286           286000        -3.4411       -0.0571       -3.4982       -3.4982       
287           287000        -2.6558       -0.04         -2.6958       -2.6958       
288           288000        -2.6034       -0.0428       -2.6462       -2.6462       
289           289000        -3.2546       -0.057        -3.3116       -3.3116       
290           290000        -2.9757       -0.0445       -3.0202       -3.0202       
291           291000        -2.0159       -0.0621       -2.078        -2.078        
292           292000        -3.0754       -0.0341       -3.1095       -3.1095       
293           293000        -2.8866       -0.0907       -2.9773       -2.9773       
294           294000        -2.3185       -0.0627       -2.3812       -2.3812       
295           295000        -2.5517       -0.0422       -2.5939       -2.5939       
296           296000        -2.0058       -0.0443       -2.0501       -2.0501       
297           297000        -2.5577       -0.0338       -2.5915       -2.5915       
298           298000        -0.7467       -0.0469       -0.7936       -0.7936       
299           299000        -1.8843       -0.04         -1.9243       -1.9243       
300           300000        -2.4736       -0.0746       -2.5482       -2.5482       
301           301000        -1.9374       -0.0653       -2.0027       -2.0027       
302           302000        -1.17         -0.0777       -1.2477       -1.2477       
303           303000        -0.946        -0.0992       -1.0452       -1.0452       
304           304000        -0.9219       -0.097        -1.0189       -1.0189       
305           305000        -1.7927       -0.0555       -1.8482       -1.8482       
306           306000        -0.3151       -0.0673       -0.3824       -0.3824       
307           307000        -0.3385       -0.059        -0.3975       -0.3975       
308           308000        -1.1743       -0.0531       -1.2274       -1.2274       
309           309000        -2.8002       -0.0507       -2.8509       -2.8509       
310           310000        -1.3988       -0.0938       -1.4926       -1.4926       
311           311000        -2.5045       -0.0796       -2.5841       -2.5841       
312           312000        -3.3859       -0.0409       -3.4268       -3.4268       
313           313000        -2.4144       -0.052        -2.4664       -2.4664       
314           314000        -3.1729       -0.0427       -3.2156       -3.2156       
315           315000        -4.0047       -0.0551       -4.0598       -4.0598       
316           316000        -3.571        -0.0552       -3.6262       -3.6262       
317           317000        -3.8947       -0.0548       -3.9495       -3.9495       
318           318000        -1.739        -0.0547       -1.7937       -1.7937       
319           319000        -3.164        -0.0687       -3.2327       -3.2327       
320           320000        -3.5548       -0.0543       -3.6091       -3.6091       
321           321000        -4.9227       -0.0537       -4.9764       -4.9764       
322           322000        -3.7868       -0.0511       -3.8379       -3.8379       
323           323000        -4.7481       -0.0494       -4.7975       -4.7975       
324           324000        -3.9551       -0.05         -4.0051       -4.0051       
325           325000        -3.1132       -0.0554       -3.1686       -3.1686       
326           326000        -4.2765       -0.0659       -4.3424       -4.3424       
327           327000        -4.9767       -0.0517       -5.0284       -5.0284       
328           328000        -4.774        -0.0633       -4.8373       -4.8373       
329           329000        -4.6829       -0.0813       -4.7642       -4.7642       
330           330000        -2.5995       -0.0493       -2.6488       -2.6488       
331           331000        -2.8111       -0.0536       -2.8647       -2.8647       
332           332000        -3.6248       -0.05         -3.6748       -3.6748       
333           333000        -2.542        -0.0545       -2.5965       -2.5965       
334           334000        -3.9449       -0.0466       -3.9915       -3.9915       
335           335000        -4.2436       -0.0449       -4.2885       -4.2885       
336           336000        -3.2167       -0.0489       -3.2656       -3.2656       
337           337000        -3.0105       -0.0437       -3.0542       -3.0542       
338           338000        -1.1957       -0.0324       -1.2281       -1.2281       
339           339000        -1.6694       -0.0405       -1.7099       -1.7099       
340           340000        -2.5815       -0.033        -2.6145       -2.6145       
341           341000        -2.8655       -0.049        -2.9145       -2.9145       
342           342000        -1.176        -0.0503       -1.2263       -1.2263       
343           343000        -3.0733       -0.0529       -3.1262       -3.1262       
344           344000        -3.0141       -0.0384       -3.0525       -3.0525       
345           345000        -3.2563       -0.0368       -3.2931       -3.2931       
346           346000        -2.0565       -0.029        -2.0855       -2.0855       
347           347000        -2.1392       -0.0287       -2.1679       -2.1679       
348           348000        -3.5329       -0.0722       -3.6051       -3.6051       
349           349000        -2.5518       -0.029        -2.5808       -2.5808       
350           350000        -2.5213       -0.0637       -2.585        -2.585        
351           351000        -3.2318       -0.0476       -3.2794       -3.2794       
352           352000        -2.8873       -0.0572       -2.9445       -2.9445       
353           353000        -2.3732       -0.0568       -2.43         -2.43         
354           354000        -1.6734       -0.0492       -1.7226       -1.7226       
355           355000        -3.2526       -0.0763       -3.3289       -3.3289       
356           356000        -3.0763       -0.0523       -3.1286       -3.1286       
357           357000        -2.8348       -0.0635       -2.8983       -2.8983       
358           358000        -2.6191       -0.0549       -2.674        -2.674        
359           359000        -2.747        -0.0344       -2.7814       -2.7814       
360           360000        -3.6536       -0.0476       -3.7012       -3.7012       
361           361000        -2.5743       -0.057        -2.6313       -2.6313       
362           362000        -1.9881       -0.0514       -2.0395       -2.0395       
363           363000        -2.7458       -0.0562       -2.802        -2.802        
364           364000        -2.9017       -0.0444       -2.9461       -2.9461       
365           365000        -3.6225       -0.0386       -3.6611       -3.6611       
366           366000        -2.8044       -0.0452       -2.8496       -2.8496       
367           367000        -3.4367       -0.0644       -3.5011       -3.5011       
368           368000        -4.4211       -0.073        -4.4941       -4.4941       
369           369000        -2.9935       -0.043        -3.0365       -3.0365       
370           370000        -4.0884       -0.044        -4.1324       -4.1324       
371           371000        -4.0293       -0.0323       -4.0616       -4.0616       
372           372000        -4.0051       -0.03         -4.0351       -4.0351       
373           373000        -3.3823       -0.0392       -3.4215       -3.4215       
374           374000        -3.7846       -0.0253       -3.8099       -3.8099       
375           375000        -4.7221       -0.0351       -4.7572       -4.7572       
376           376000        -4.9327       -0.0379       -4.9706       -4.9706       
377           377000        -3.6886       -0.0288       -3.7174       -3.7174       
378           378000        -4.1648       -0.0236       -4.1884       -4.1884       
379           379000        -2.427        -0.0549       -2.4819       -2.4819       
380           380000        -4.2503       -0.0449       -4.2952       -4.2952       
381           381000        -2.7477       -0.0683       -2.816        -2.816        
382           382000        -2.5602       -0.0396       -2.5998       -2.5998       
383           383000        -3.3437       -0.0687       -3.4124       -3.4124       
384           384000        -3.7882       -0.0405       -3.8287       -3.8287       
385           385000        -4.5659       -0.0491       -4.615        -4.615        
386           386000        -4.4011       -0.0356       -4.4367       -4.4367       
387           387000        -3.1124       -0.0442       -3.1566       -3.1566       
388           388000        -4.5525       -0.0458       -4.5983       -4.5983       
389           389000        -3.415        -0.0496       -3.4646       -3.4646       
390           390000        -3.6796       -0.0443       -3.7239       -3.7239       
391           391000        -3.8678       -0.0559       -3.9237       -3.9237       
392           392000        -4.2227       -0.0452       -4.2679       -4.2679       
393           393000        -5.6974       -0.0578       -5.7552       -5.7552       
394           394000        -5.2548       -0.0616       -5.3164       -5.3164       
395           395000        -3.7944       -0.0517       -3.8461       -3.8461       
396           396000        -4.0187       -0.0643       -4.083        -4.083        
397           397000        -3.5469       -0.0468       -3.5937       -3.5937       
398           398000        -4.7517       -0.0632       -4.8149       -4.8149       
399           399000        -4.2962       -0.0558       -4.352        -4.352        
400           400000        -2.7669       -0.0345       -2.8014       -2.8014       
401           401000        -2.5393       -0.0277       -2.567        -2.567        
402           402000        -3.5743       -0.0598       -3.6341       -3.6341       
403           403000        -2.8014       -0.0465       -2.8479       -2.8479       
404           404000        -2.9652       -0.0295       -2.9947       -2.9947       
405           405000        -4.4516       -0.0392       -4.4908       -4.4908       
406           406000        -1.949        -0.0894       -2.0384       -2.0384       
407           407000        -5.7953       -0.0568       -5.8521       -5.8521       
408           408000        -3.6692       -0.0334       -3.7026       -3.7026       
409           409000        -5.0121       -0.0422       -5.0543       -5.0543       
410           410000        -3.5174       -0.0403       -3.5577       -3.5577       
411           411000        -3.1657       -0.0564       -3.2221       -3.2221       
412           412000        -3.5974       -0.0645       -3.6619       -3.6619       
413           413000        -5.0034       -0.0489       -5.0523       -5.0523       
414           414000        -3.3224       -0.0514       -3.3738       -3.3738       
415           415000        -4.0813       -0.0482       -4.1295       -4.1295       
416           416000        -5.0266       -0.0699       -5.0965       -5.0965       
417           417000        -4.3039       -0.0634       -4.3673       -4.3673       
418           418000        -3.9604       -0.0554       -4.0158       -4.0158       
419           419000        -2.8058       -0.0577       -2.8635       -2.8635       
420           420000        -3.4432       -0.0598       -3.503        -3.503        
421           421000        -3.8346       -0.0612       -3.8958       -3.8958       
422           422000        -3.5531       -0.0744       -3.6275       -3.6275       
423           423000        -3.8239       -0.0681       -3.892        -3.892        
424           424000        -3.7122       -0.0817       -3.7939       -3.7939       
425           425000        -3.956        -0.0646       -4.0206       -4.0206       
426           426000        -2.6549       -0.0607       -2.7156       -2.7156       
427           427000        -4.9486       -0.0478       -4.9964       -4.9964       
428           428000        -3.0554       -0.054        -3.1094       -3.1094       
429           429000        -3.6415       -0.0397       -3.6812       -3.6812       
430           430000        -4.3725       -0.0489       -4.4214       -4.4214       
431           431000        -4.2552       -0.0586       -4.3138       -4.3138       
432           432000        -4.9744       -0.06         -5.0344       -5.0344       
433           433000        -4.089        -0.0757       -4.1647       -4.1647       
434           434000        -4.315        -0.0746       -4.3896       -4.3896       
435           435000        -5.0026       -0.0588       -5.0614       -5.0614       
436           436000        -3.9314       -0.0586       -3.99         -3.99         
437           437000        -4.9273       -0.0685       -4.9958       -4.9958       
438           438000        -5.6093       -0.0634       -5.6727       -5.6727       
439           439000        -4.1809       -0.0532       -4.2341       -4.2341       
440           440000        -5.7024       -0.0613       -5.7637       -5.7637       
441           441000        -3.8477       -0.0558       -3.9035       -3.9035       
442           442000        -3.4448       -0.0491       -3.4939       -3.4939       
443           443000        -3.9267       -0.0417       -3.9684       -3.9684       
444           444000        -2.625        -0.0475       -2.6725       -2.6725       
445           445000        -3.3345       -0.0421       -3.3766       -3.3766       
446           446000        -3.8981       -0.0556       -3.9537       -3.9537       
447           447000        -3.9297       -0.06         -3.9897       -3.9897       
448           448000        -3.7105       -0.0546       -3.7651       -3.7651       
449           449000        -4.4254       -0.0557       -4.4811       -4.4811       
450           450000        -5.1896       -0.044        -5.2336       -5.2336       
451           451000        -3.749        -0.0542       -3.8032       -3.8032       
452           452000        -4.8132       -0.0671       -4.8803       -4.8803       
453           453000        -3.621        -0.0545       -3.6755       -3.6755       
454           454000        -3.1829       -0.0567       -3.2396       -3.2396       
455           455000        -4.8404       -0.0747       -4.9151       -4.9151       
456           456000        -3.8986       -0.0654       -3.964        -3.964        
457           457000        -3.9058       -0.0544       -3.9602       -3.9602       
458           458000        -4.5544       -0.0624       -4.6168       -4.6168       
459           459000        -4.1628       -0.0564       -4.2192       -4.2192       
460           460000        -3.3558       -0.0381       -3.3939       -3.3939       
461           461000        -4.7315       -0.0435       -4.775        -4.775        
462           462000        -3.8025       -0.0359       -3.8384       -3.8384       
463           463000        -5.5667       -0.0479       -5.6146       -5.6146       
464           464000        -4.4725       -0.0682       -4.5407       -4.5407       
465           465000        -4.3461       -0.0662       -4.4123       -4.4123       
466           466000        -4.84         -0.0565       -4.8965       -4.8965       
467           467000        -4.1393       -0.0425       -4.1818       -4.1818       
468           468000        -5.6834       -0.0817       -5.7651       -5.7651       
469           469000        -4.6466       -0.0444       -4.691        -4.691        
470           470000        -4.6183       -0.049        -4.6673       -4.6673       
471           471000        -3.633        -0.0489       -3.6819       -3.6819       
472           472000        -4.4515       -0.0658       -4.5173       -4.5173       
473           473000        -4.5576       -0.059        -4.6166       -4.6166       
474           474000        -3.9762       -0.0561       -4.0323       -4.0323       
475           475000        -4.007        -0.0562       -4.0632       -4.0632       
476           476000        -4.6838       -0.0748       -4.7586       -4.7586       
477           477000        -5.1769       -0.0639       -5.2408       -5.2408       
478           478000        -4.1483       -0.0497       -4.198        -4.198        
479           479000        -5.0701       -0.0664       -5.1365       -5.1365       
480           480000        -5.4271       -0.0685       -5.4956       -5.4956       
481           481000        -4.2927       -0.0646       -4.3573       -4.3573       
482           482000        -4.2133       -0.0653       -4.2786       -4.2786       
483           483000        -3.7148       -0.0639       -3.7787       -3.7787       
484           484000        -3.9383       -0.0909       -4.0292       -4.0292       
485           485000        -4.1886       -0.094        -4.2826       -4.2826       
486           486000        -3.738        -0.0612       -3.7992       -3.7992       
487           487000        -4.0385       -0.038        -4.0765       -4.0765       
488           488000        -3.8323       -0.0373       -3.8696       -3.8696       
489           489000        -3.3482       -0.0533       -3.4015       -3.4015       
490           490000        -4.5012       -0.0654       -4.5666       -4.5666       
491           491000        -3.9597       -0.0561       -4.0158       -4.0158       
492           492000        -3.2577       -0.0511       -3.3088       -3.3088       
493           493000        -2.7623       -0.0568       -2.8191       -2.8191       
494           494000        -4.3181       -0.0738       -4.3919       -4.3919       
495           495000        -5.0687       -0.066        -5.1347       -5.1347       
496           496000        -2.9149       -0.0647       -2.9796       -2.9796       
497           497000        -4.2791       -0.0625       -4.3416       -4.3416       
498           498000        -2.6759       -0.0475       -2.7234       -2.7234       
499           499000        -3.8036       -0.0765       -3.8801       -3.8801       
500           500000        -4.7093       -0.066        -4.7753       -4.7753       
501           501000        -2.6168       -0.0519       -2.6687       -2.6687       
502           502000        -3.1797       -0.0507       -3.2304       -3.2304       
503           503000        -3.1179       -0.0668       -3.1847       -3.1847       
504           504000        -4.0798       -0.0677       -4.1475       -4.1475       
505           505000        -3.404        -0.0584       -3.4624       -3.4624       
506           506000        -3.1348       -0.0415       -3.1763       -3.1763       
507           507000        -3.7038       -0.0613       -3.7651       -3.7651       
508           508000        -3.32         -0.0605       -3.3805       -3.3805       
509           509000        -4.5425       -0.0565       -4.599        -4.599        
510           510000        -4.0507       -0.0648       -4.1155       -4.1155       
511           511000        -3.3661       -0.0583       -3.4244       -3.4244       
512           512000        -3.1225       -0.0691       -3.1916       -3.1916       
513           513000        -3.2161       -0.0382       -3.2543       -3.2543       
514           514000        -4.6153       -0.0725       -4.6878       -4.6878       
515           515000        -5.4293       -0.0551       -5.4844       -5.4844       
516           516000        -3.1166       -0.0642       -3.1808       -3.1808       
517           517000        -4.365        -0.0535       -4.4185       -4.4185       
518           518000        -3.2673       -0.0493       -3.3166       -3.3166       
519           519000        -3.6624       -0.0495       -3.7119       -3.7119       
520           520000        -3.0903       -0.0429       -3.1332       -3.1332       
521           521000        -2.8081       -0.046        -2.8541       -2.8541       
522           522000        -4.0071       -0.0663       -4.0734       -4.0734       
523           523000        -3.233        -0.0573       -3.2903       -3.2903       
524           524000        -4.1641       -0.0474       -4.2115       -4.2115       
525           525000        -3.1357       -0.0498       -3.1855       -3.1855       
526           526000        -2.7453       -0.0478       -2.7931       -2.7931       
527           527000        -3.0917       -0.0452       -3.1369       -3.1369       
528           528000        -2.9442       -0.0604       -3.0046       -3.0046       
529           529000        -3.6758       -0.0424       -3.7182       -3.7182       
530           530000        -3.3164       -0.0584       -3.3748       -3.3748       
531           531000        -2.9939       -0.0729       -3.0668       -3.0668       
532           532000        -2.6016       -0.0566       -2.6582       -2.6582       
533           533000        -3.7844       -0.0584       -3.8428       -3.8428       
534           534000        -1.9569       -0.0543       -2.0112       -2.0112       
535           535000        -3.1747       -0.0681       -3.2428       -3.2428       
536           536000        -3.8411       -0.0717       -3.9128       -3.9128       
537           537000        -2.936        -0.0559       -2.9919       -2.9919       
538           538000        -2.9104       -0.0505       -2.9609       -2.9609       
539           539000        -3.5237       -0.0637       -3.5874       -3.5874       
540           540000        -2.9697       -0.0575       -3.0272       -3.0272       
541           541000        -3.0204       -0.0497       -3.0701       -3.0701       
542           542000        -3.7333       -0.0544       -3.7877       -3.7877       
543           543000        -5.3438       -0.0617       -5.4055       -5.4055       
544           544000        -3.7428       -0.08         -3.8228       -3.8228       
545           545000        -3.4375       -0.0607       -3.4982       -3.4982       
546           546000        -3.3955       -0.0541       -3.4496       -3.4496       
547           547000        -4.0796       -0.0635       -4.1431       -4.1431       
548           548000        -4.2068       -0.0685       -4.2753       -4.2753       
549           549000        -4.3609       -0.0634       -4.4243       -4.4243       
550           550000        -3.7697       -0.0596       -3.8293       -3.8293       
551           551000        -3.5487       -0.0602       -3.6089       -3.6089       
552           552000        -2.7952       -0.0422       -2.8374       -2.8374       
553           553000        -2.1439       -0.0293       -2.1732       -2.1732       
554           554000        -5.9747       -0.0613       -6.036        -6.036        
555           555000        -3.5423       -0.0503       -3.5926       -3.5926       
556           556000        -3.8305       -0.0615       -3.892        -3.892        
557           557000        -3.2742       -0.0414       -3.3156       -3.3156       
558           558000        -3.9076       -0.0585       -3.9661       -3.9661       
559           559000        -3.7489       -0.0727       -3.8216       -3.8216       
560           560000        -4.0528       -0.046        -4.0988       -4.0988       
561           561000        -4.4332       -0.0566       -4.4898       -4.4898       
562           562000        -3.9638       -0.0794       -4.0432       -4.0432       
563           563000        -2.7808       -0.0675       -2.8483       -2.8483       
564           564000        -3.1947       -0.0453       -3.24         -3.24         
565           565000        -3.8486       -0.0613       -3.9099       -3.9099       
566           566000        -3.8407       -0.0559       -3.8966       -3.8966       
567           567000        -3.4323       -0.0331       -3.4654       -3.4654       
568           568000        -3.7106       -0.0378       -3.7484       -3.7484       
569           569000        -3.2482       -0.0456       -3.2938       -3.2938       
570           570000        -3.3025       -0.0491       -3.3516       -3.3516       
571           571000        -3.5912       -0.072        -3.6632       -3.6632       
572           572000        -4.1689       -0.0691       -4.238        -4.238        
573           573000        -2.522        -0.0375       -2.5595       -2.5595       
574           574000        -3.2078       -0.045        -3.2528       -3.2528       
575           575000        -2.2502       -0.0635       -2.3137       -2.3137       
576           576000        -3.5128       -0.0545       -3.5673       -3.5673       
577           577000        -1.9653       -0.0637       -2.029        -2.029        
578           578000        -2.0685       -0.0424       -2.1109       -2.1109       
579           579000        -1.979        -0.0625       -2.0415       -2.0415       
580           580000        -2.3179       -0.0486       -2.3665       -2.3665       
581           581000        -1.9493       -0.0516       -2.0009       -2.0009       
582           582000        -4.7228       -0.0533       -4.7761       -4.7761       
583           583000        -3.8398       -0.0309       -3.8707       -3.8707       
584           584000        -4.3759       -0.0635       -4.4394       -4.4394       
585           585000        -4.3084       -0.0605       -4.3689       -4.3689       
586           586000        -3.5612       -0.0489       -3.6101       -3.6101       
587           587000        -4.9413       -0.0698       -5.0111       -5.0111       
588           588000        -4.8958       -0.0556       -4.9514       -4.9514       
589           589000        -3.1401       -0.0463       -3.1864       -3.1864       
590           590000        -3.6587       -0.0389       -3.6976       -3.6976       
591           591000        -2.9151       -0.0553       -2.9704       -2.9704       
592           592000        -2.128        -0.0497       -2.1777       -2.1777       
593           593000        -3.8499       -0.0499       -3.8998       -3.8998       
594           594000        -3.7997       -0.0367       -3.8364       -3.8364       
595           595000        -2.9249       -0.0673       -2.9922       -2.9922       
596           596000        -3.9463       -0.0571       -4.0034       -4.0034       
597           597000        -2.5833       -0.0438       -2.6271       -2.6271       
598           598000        -3.2871       -0.0473       -3.3344       -3.3344       
599           599000        -3.3952       -0.0497       -3.4449       -3.4449       
600           600000        -4.0735       -0.0428       -4.1163       -4.1163       
601           601000        -2.801        -0.0331       -2.8341       -2.8341       
602           602000        -1.7862       -0.0547       -1.8409       -1.8409       
603           603000        -2.6286       -0.054        -2.6826       -2.6826       
604           604000        -2.7344       -0.0453       -2.7797       -2.7797       
605           605000        -2.265        -0.0282       -2.2932       -2.2932       
606           606000        -2.0588       -0.0436       -2.1024       -2.1024       
607           607000        -1.364        -0.0236       -1.3876       -1.3876       
608           608000        -1.4459       -0.0327       -1.4786       -1.4786       
609           609000        -0.9955       -0.0143       -1.0098       -1.0098       
610           610000        -1.506        -0.0316       -1.5376       -1.5376       
611           611000        -1.8236       -0.0673       -1.8909       -1.8909       
612           612000        -1.5326       -0.0405       -1.5731       -1.5731       
613           613000        -2.1387       -0.0333       -2.172        -2.172        
614           614000        -2.284        -0.0429       -2.3269       -2.3269       
615           615000        -1.2135       -0.0421       -1.2556       -1.2556       
616           616000        -2.3156       -0.0406       -2.3562       -2.3562       
617           617000        -3.913        -0.063        -3.976        -3.976        
618           618000        -2.4742       -0.0316       -2.5058       -2.5058       
619           619000        -2.6536       -0.0438       -2.6974       -2.6974       
620           620000        -3.4804       -0.0404       -3.5208       -3.5208       
621           621000        -3.3664       -0.0527       -3.4191       -3.4191       
622           622000        -3.8887       -0.0521       -3.9408       -3.9408       
623           623000        -3.3171       -0.05         -3.3671       -3.3671       
624           624000        -3.1702       -0.0721       -3.2423       -3.2423       
625           625000        -5.332        -0.0677       -5.3997       -5.3997       
626           626000        -4.6019       -0.077        -4.6789       -4.6789       
627           627000        -3.1426       -0.0517       -3.1943       -3.1943       
628           628000        -3.1691       -0.0447       -3.2138       -3.2138       
629           629000        -4.8611       -0.0366       -4.8977       -4.8977       
630           630000        -4.406        -0.0406       -4.4466       -4.4466       
631           631000        -3.9259       -0.0443       -3.9702       -3.9702       
632           632000        -4.4617       -0.0484       -4.5101       -4.5101       
633           633000        -3.4357       -0.026        -3.4617       -3.4617       
634           634000        -3.1336       -0.0298       -3.1634       -3.1634       
635           635000        -4.0934       -0.0526       -4.146        -4.146        
636           636000        -3.5579       -0.0375       -3.5954       -3.5954       
637           637000        -2.9978       -0.0627       -3.0605       -3.0605       
638           638000        -2.7204       -0.0479       -2.7683       -2.7683       
639           639000        -3.9655       -0.0403       -4.0058       -4.0058       
640           640000        -3.8837       -0.0458       -3.9295       -3.9295       
641           641000        -4.1872       -0.0407       -4.2279       -4.2279       
642           642000        -3.2487       -0.0508       -3.2995       -3.2995       
643           643000        -2.8224       -0.046        -2.8684       -2.8684       
644           644000        -4.0832       -0.0297       -4.1129       -4.1129       
645           645000        -3.792        -0.0317       -3.8237       -3.8237       
646           646000        -4.0514       -0.0352       -4.0866       -4.0866       
647           647000        -3.2568       -0.0331       -3.2899       -3.2899       
648           648000        -3.4884       -0.026        -3.5144       -3.5144       
649           649000        -2.1412       -0.0167       -2.1579       -2.1579       
650           650000        -4.0652       -0.0292       -4.0944       -4.0944       
651           651000        -3.1434       -0.0182       -3.1616       -3.1616       
652           652000        -3.1932       -0.0224       -3.2156       -3.2156       
653           653000        -3.3734       -0.0226       -3.396        -3.396        
654           654000        -2.1875       -0.0209       -2.2084       -2.2084       
655           655000        -1.4094       -0.0174       -1.4268       -1.4268       
656           656000        -2.9083       -0.03         -2.9383       -2.9383       
657           657000        -2.532        -0.0332       -2.5652       -2.5652       
658           658000        -3.3385       -0.0414       -3.3799       -3.3799       
659           659000        -3.6961       -0.047        -3.7431       -3.7431       
660           660000        -2.8331       -0.0433       -2.8764       -2.8764       
661           661000        -4.0071       -0.0488       -4.0559       -4.0559       
662           662000        -2.995        -0.0516       -3.0466       -3.0466       
663           663000        -2.6633       -0.0427       -2.706        -2.706        
664           664000        -2.8131       -0.0586       -2.8717       -2.8717       
665           665000        -2.7251       -0.0252       -2.7503       -2.7503       
666           666000        -3.1328       -0.0542       -3.187        -3.187        
667           667000        -3.2815       -0.0301       -3.3116       -3.3116       
668           668000        -3.5151       -0.0432       -3.5583       -3.5583       
669           669000        -4.7605       -0.0429       -4.8034       -4.8034       
670           670000        -3.9978       -0.0268       -4.0246       -4.0246       
671           671000        -3.4704       -0.0308       -3.5012       -3.5012       
672           672000        -3.773        -0.0302       -3.8032       -3.8032       
673           673000        -3.8446       -0.0413       -3.8859       -3.8859       
674           674000        -3.5248       -0.0355       -3.5603       -3.5603       
675           675000        -3.7263       -0.0288       -3.7551       -3.7551       
676           676000        -3.6697       -0.0505       -3.7202       -3.7202       
677           677000        -3.5871       -0.0355       -3.6226       -3.6226       
678           678000        -3.2757       -0.0456       -3.3213       -3.3213       
679           679000        -4.7053       -0.0619       -4.7672       -4.7672       
680           680000        -4.3271       -0.0679       -4.395        -4.395        
681           681000        -4.297        -0.0632       -4.3602       -4.3602       
682           682000        -2.3924       -0.0501       -2.4425       -2.4425       
683           683000        -2.9053       -0.0552       -2.9605       -2.9605       
684           684000        -3.8666       -0.0513       -3.9179       -3.9179       
685           685000        -4.7629       -0.06         -4.8229       -4.8229       
686           686000        -3.6919       -0.0499       -3.7418       -3.7418       
687           687000        -2.2482       -0.0421       -2.2903       -2.2903       
688           688000        -2.3886       -0.0542       -2.4428       -2.4428       
689           689000        -3.815        -0.0714       -3.8864       -3.8864       
690           690000        -3.3665       -0.0505       -3.417        -3.417        
691           691000        -2.2416       -0.0485       -2.2901       -2.2901       
692           692000        -2.7196       -0.0369       -2.7565       -2.7565       
693           693000        -1.0981       -0.0525       -1.1506       -1.1506       
694           694000        -2.1916       -0.0431       -2.2347       -2.2347       
695           695000        -2.0335       -0.0282       -2.0617       -2.0617       
696           696000        -2.4168       -0.0389       -2.4557       -2.4557       
697           697000        -2.3891       -0.0432       -2.4323       -2.4323       
698           698000        -2.0043       -0.0547       -2.059        -2.059        
699           699000        -3.6366       -0.0676       -3.7042       -3.7042       
700           700000        -2.3334       -0.0391       -2.3725       -2.3725       
701           701000        -2.8291       -0.0451       -2.8742       -2.8742       
702           702000        -2.3073       -0.0609       -2.3682       -2.3682       
703           703000        -3.0913       -0.0448       -3.1361       -3.1361       
704           704000        -2.4401       -0.0537       -2.4938       -2.4938       
705           705000        -2.389        -0.0614       -2.4504       -2.4504       
706           706000        -4.3371       -0.0832       -4.4203       -4.4203       
707           707000        -4.9601       -0.0759       -5.036        -5.036        
708           708000        -2.3557       -0.0571       -2.4128       -2.4128       
709           709000        -3.3296       -0.0679       -3.3975       -3.3975       
710           710000        -1.7142       -0.0614       -1.7756       -1.7756       
711           711000        -1.7071       -0.0662       -1.7733       -1.7733       
712           712000        -2.3551       -0.0614       -2.4165       -2.4165       
713           713000        -2.1654       -0.0773       -2.2427       -2.2427       
714           714000        -3.136        -0.0737       -3.2097       -3.2097       
715           715000        -2.46         -0.0334       -2.4934       -2.4934       
716           716000        -1.6197       -0.0533       -1.673        -1.673        
717           717000        -2.1253       -0.0583       -2.1836       -2.1836       
718           718000        -3.3903       -0.0617       -3.452        -3.452        
719           719000        -2.326        -0.0492       -2.3752       -2.3752       
720           720000        -1.521        -0.0443       -1.5653       -1.5653       
721           721000        -2.4402       -0.057        -2.4972       -2.4972       
722           722000        -2.9197       -0.0642       -2.9839       -2.9839       
723           723000        -2.5171       -0.0867       -2.6038       -2.6038       
724           724000        -2.9611       -0.0453       -3.0064       -3.0064       
725           725000        -4.5767       -0.0815       -4.6582       -4.6582       
726           726000        -3.5029       -0.0874       -3.5903       -3.5903       
727           727000        -3.8591       -0.0819       -3.941        -3.941        
728           728000        -1.8612       -0.08         -1.9412       -1.9412       
729           729000        -2.6137       -0.0632       -2.6769       -2.6769       
730           730000        -3.7537       -0.104        -3.8577       -3.8577       
731           731000        -2.7655       -0.0946       -2.8601       -2.8601       
732           732000        -3.3153       -0.0618       -3.3771       -3.3771       
733           733000        -3.1312       -0.0905       -3.2217       -3.2217       
734           734000        -3.2222       -0.0804       -3.3026       -3.3026       
735           735000        -4.1587       -0.0858       -4.2445       -4.2445       
736           736000        -3.3632       -0.0554       -3.4186       -3.4186       
737           737000        -1.2905       -0.0617       -1.3522       -1.3522       
738           738000        -1.1463       -0.0508       -1.1971       -1.1971       
739           739000        -0.7067       -0.037        -0.7437       -0.7437       
740           740000        -1.5123       -0.0137       -1.526        -1.526        
741           741000        -2.3726       -0.0362       -2.4088       -2.4088       
742           742000        -2.335        -0.0322       -2.3672       -2.3672       
743           743000        -4.6299       -0.0495       -4.6794       -4.6794       
744           744000        -4.2876       -0.0574       -4.345        -4.345        
745           745000        -3.7374       -0.0452       -3.7826       -3.7826       
746           746000        -4.8367       -0.0449       -4.8816       -4.8816       
747           747000        -3.6862       -0.0353       -3.7215       -3.7215       
748           748000        -3.8275       -0.0543       -3.8818       -3.8818       
749           749000        -3.3129       -0.0353       -3.3482       -3.3482       
750           750000        -4.7581       -0.0711       -4.8292       -4.8292       
751           751000        -6.5529       -0.0558       -6.6087       -6.6087       
752           752000        -5.7837       -0.0477       -5.8314       -5.8314       
753           753000        -3.9694       -0.0386       -4.008        -4.008        
754           754000        -3.3711       -0.0333       -3.4044       -3.4044       
755           755000        -3.0818       -0.0371       -3.1189       -3.1189       
756           756000        -4.0099       -0.0429       -4.0528       -4.0528       
757           757000        -3.1577       -0.0439       -3.2016       -3.2016       
758           758000        -3.9124       -0.0359       -3.9483       -3.9483       
759           759000        -5.0989       -0.0461       -5.145        -5.145        
760           760000        -3.1805       -0.0757       -3.2562       -3.2562       
761           761000        -2.2635       -0.0511       -2.3146       -2.3146       
762           762000        -4.0666       -0.0564       -4.123        -4.123        
763           763000        -4.6661       -0.0661       -4.7322       -4.7322       
764           764000        -4.3041       -0.0479       -4.352        -4.352        
765           765000        -3.4026       -0.0696       -3.4722       -3.4722       
766           766000        -4.9019       -0.0513       -4.9532       -4.9532       
767           767000        -3.2623       -0.0895       -3.3518       -3.3518       
768           768000        -4.5231       -0.0713       -4.5944       -4.5944       
769           769000        -3.9114       -0.0779       -3.9893       -3.9893       
770           770000        -4.2204       -0.0858       -4.3062       -4.3062       
771           771000        -4.7844       -0.0801       -4.8645       -4.8645       
772           772000        -3.2743       -0.0638       -3.3381       -3.3381       
773           773000        -5.4163       -0.0629       -5.4792       -5.4792       
774           774000        -5.5589       -0.0713       -5.6302       -5.6302       
775           775000        -5.2567       -0.0593       -5.316        -5.316        
776           776000        -5.0863       -0.0459       -5.1322       -5.1322       
777           777000        -3.4008       -0.0439       -3.4447       -3.4447       
778           778000        -4.8843       -0.0825       -4.9668       -4.9668       
779           779000        -4.0139       -0.0518       -4.0657       -4.0657       
780           780000        -3.4923       -0.058        -3.5503       -3.5503       
781           781000        -5.366        -0.0605       -5.4265       -5.4265       
782           782000        -4.976        -0.0636       -5.0396       -5.0396       
783           783000        -4.6101       -0.0647       -4.6748       -4.6748       
784           784000        -3.8645       -0.048        -3.9125       -3.9125       
785           785000        -4.2717       -0.0716       -4.3433       -4.3433       
786           786000        -3.0586       -0.0529       -3.1115       -3.1115       
787           787000        -2.9532       -0.052        -3.0052       -3.0052       
788           788000        -2.9128       -0.0349       -2.9477       -2.9477       
789           789000        -4.0701       -0.0455       -4.1156       -4.1156       
790           790000        -3.6059       -0.0471       -3.653        -3.653        
791           791000        -3.9819       -0.0474       -4.0293       -4.0293       
792           792000        -3.4696       -0.0452       -3.5148       -3.5148       
793           793000        -4.4222       -0.0498       -4.472        -4.472        
794           794000        -3.6176       -0.0356       -3.6532       -3.6532       
795           795000        -4.1385       -0.0455       -4.184        -4.184        
796           796000        -4.3834       -0.0429       -4.4263       -4.4263       
797           797000        -3.7414       -0.0556       -3.797        -3.797        
798           798000        -4.8498       -0.0426       -4.8924       -4.8924       
799           799000        -3.5804       -0.0454       -3.6258       -3.6258       
800           800000        -4.1923       -0.0608       -4.2531       -4.2531       
801           801000        -4.195        -0.0393       -4.2343       -4.2343       
802           802000        -6.6318       -0.0617       -6.6935       -6.6935       
803           803000        -3.5937       -0.0454       -3.6391       -3.6391       
804           804000        -3.1555       -0.0503       -3.2058       -3.2058       
805           805000        -4.2425       -0.0545       -4.297        -4.297        
806           806000        -3.6817       -0.0787       -3.7604       -3.7604       
807           807000        -3.9557       -0.0403       -3.996        -3.996        
808           808000        -4.9888       -0.0755       -5.0643       -5.0643       
809           809000        -3.5778       -0.0579       -3.6357       -3.6357       
810           810000        -4.7261       -0.0704       -4.7965       -4.7965       
811           811000        -2.4465       -0.0463       -2.4928       -2.4928       
812           812000        -3.3056       -0.0292       -3.3348       -3.3348       
813           813000        -1.874        -0.0151       -1.8891       -1.8891       
814           814000        -2.6786       -0.0376       -2.7162       -2.7162       
815           815000        -1.7935       -0.0508       -1.8443       -1.8443       
816           816000        -4.1865       -0.045        -4.2315       -4.2315       
817           817000        -2.9031       -0.0326       -2.9357       -2.9357       
818           818000        -4.2491       -0.0545       -4.3036       -4.3036       
819           819000        -4.7934       -0.0593       -4.8527       -4.8527       
820           820000        -3.6335       -0.039        -3.6725       -3.6725       
821           821000        -3.7171       -0.0483       -3.7654       -3.7654       
822           822000        -4.6266       -0.0573       -4.6839       -4.6839       
823           823000        -3.8089       -0.0289       -3.8378       -3.8378       
824           824000        -3.8776       -0.03         -3.9076       -3.9076       
825           825000        -5.7313       -0.0603       -5.7916       -5.7916       
826           826000        -5.3799       -0.0527       -5.4326       -5.4326       
827           827000        -5.9849       -0.0473       -6.0322       -6.0322       
828           828000        -4.7678       -0.0536       -4.8214       -4.8214       
829           829000        -4.637        -0.0587       -4.6957       -4.6957       
830           830000        -3.7617       -0.0406       -3.8023       -3.8023       
831           831000        -7.0837       -0.0774       -7.1611       -7.1611       
832           832000        -5.1388       -0.0623       -5.2011       -5.2011       
833           833000        -6.1007       -0.059        -6.1597       -6.1597       
834           834000        -6.0559       -0.0876       -6.1435       -6.1435       
835           835000        -5.498        -0.0608       -5.5588       -5.5588       
836           836000        -4.5956       -0.053        -4.6486       -4.6486       
837           837000        -5.09         -0.0589       -5.1489       -5.1489       
838           838000        -4.8267       -0.0612       -4.8879       -4.8879       
839           839000        -4.3322       -0.0857       -4.4179       -4.4179       
840           840000        -3.2489       -0.042        -3.2909       -3.2909       
841           841000        -4.4544       -0.0468       -4.5012       -4.5012       
842           842000        -5.2676       -0.0665       -5.3341       -5.3341       
843           843000        -5.7346       -0.0808       -5.8154       -5.8154       
844           844000        -6.4682       -0.0588       -6.527        -6.527        
845           845000        -6.1905       -0.059        -6.2495       -6.2495       
846           846000        -4.9306       -0.0759       -5.0065       -5.0065       
847           847000        -3.7791       -0.0455       -3.8246       -3.8246       
848           848000        -6.1345       -0.0628       -6.1973       -6.1973       
849           849000        -5.5176       -0.0635       -5.5811       -5.5811       
850           850000        -4.6064       -0.0627       -4.6691       -4.6691       
851           851000        -3.9294       -0.054        -3.9834       -3.9834       
852           852000        -3.4403       -0.0591       -3.4994       -3.4994       
853           853000        -4.3385       -0.0472       -4.3857       -4.3857       
854           854000        -3.1767       -0.0589       -3.2356       -3.2356       
855           855000        -5.2058       -0.0649       -5.2707       -5.2707       
856           856000        -5.1679       -0.0636       -5.2315       -5.2315       
857           857000        -5.3322       -0.0659       -5.3981       -5.3981       
858           858000        -5.0796       -0.0822       -5.1618       -5.1618       
859           859000        -3.7021       -0.0608       -3.7629       -3.7629       
860           860000        -4.2409       -0.0618       -4.3027       -4.3027       
861           861000        -4.1497       -0.0588       -4.2085       -4.2085       
862           862000        -4.8364       -0.0689       -4.9053       -4.9053       
863           863000        -4.1909       -0.0609       -4.2518       -4.2518       
864           864000        -3.3746       -0.0609       -3.4355       -3.4355       
865           865000        -3.7972       -0.0786       -3.8758       -3.8758       
866           866000        -4.684        -0.0554       -4.7394       -4.7394       
867           867000        -3.9691       -0.058        -4.0271       -4.0271       
868           868000        -2.608        -0.0445       -2.6525       -2.6525       
869           869000        -2.7118       -0.0605       -2.7723       -2.7723       
870           870000        -3.6349       -0.0579       -3.6928       -3.6928       
871           871000        -4.8278       -0.0569       -4.8847       -4.8847       
872           872000        -5.1394       -0.0519       -5.1913       -5.1913       
873           873000        -3.6417       -0.0451       -3.6868       -3.6868       
874           874000        -5.1743       -0.0548       -5.2291       -5.2291       
875           875000        -4.2713       -0.043        -4.3143       -4.3143       
876           876000        -5.4601       -0.059        -5.5191       -5.5191       
877           877000        -3.8173       -0.0565       -3.8738       -3.8738       
878           878000        -5.1316       -0.0648       -5.1964       -5.1964       
879           879000        -2.898        -0.0421       -2.9401       -2.9401       
880           880000        -3.2474       -0.0469       -3.2943       -3.2943       
881           881000        -5.0665       -0.0447       -5.1112       -5.1112       
882           882000        -5.336        -0.0463       -5.3823       -5.3823       
883           883000        -4.5883       -0.0488       -4.6371       -4.6371       
884           884000        -3.5712       -0.0412       -3.6124       -3.6124       
885           885000        -4.6185       -0.062        -4.6805       -4.6805       
886           886000        -5.3882       -0.0513       -5.4395       -5.4395       
887           887000        -4.8683       -0.0385       -4.9068       -4.9068       
888           888000        -6.4227       -0.0553       -6.478        -6.478        
889           889000        -4.4971       -0.0624       -4.5595       -4.5595       
890           890000        -4.53         -0.0556       -4.5856       -4.5856       
891           891000        -3.734        -0.0422       -3.7762       -3.7762       
892           892000        -5.6718       -0.0524       -5.7242       -5.7242       
893           893000        -3.706        -0.0522       -3.7582       -3.7582       
894           894000        -5.376        -0.0541       -5.4301       -5.4301       
895           895000        -5.4801       -0.0611       -5.5412       -5.5412       
896           896000        -3.8254       -0.0622       -3.8876       -3.8876       
897           897000        -3.4583       -0.0549       -3.5132       -3.5132       
898           898000        -5.1179       -0.054        -5.1719       -5.1719       
899           899000        -4.9867       -0.0726       -5.0593       -5.0593       
900           900000        -4.3165       -0.0541       -4.3706       -4.3706       
901           901000        -4.9909       -0.0482       -5.0391       -5.0391       
902           902000        -4.4289       -0.0539       -4.4828       -4.4828       
903           903000        -4.5998       -0.053        -4.6528       -4.6528       
904           904000        -5.0446       -0.0684       -5.113        -5.113        
905           905000        -4.8553       -0.0553       -4.9106       -4.9106       
906           906000        -2.948        -0.0738       -3.0218       -3.0218       
907           907000        -3.7527       -0.0594       -3.8121       -3.8121       
908           908000        -4.8919       -0.0487       -4.9406       -4.9406       
909           909000        -3.0355       -0.0364       -3.0719       -3.0719       
910           910000        -4.6449       -0.0416       -4.6865       -4.6865       
911           911000        -4.7292       -0.0596       -4.7888       -4.7888       
912           912000        -5.0742       -0.0439       -5.1181       -5.1181       
913           913000        -5.3148       -0.0548       -5.3696       -5.3696       
914           914000        -4.4012       -0.0389       -4.4401       -4.4401       
915           915000        -3.5339       -0.0603       -3.5942       -3.5942       
916           916000        -4.0173       -0.0466       -4.0639       -4.0639       
917           917000        -3.7804       -0.0385       -3.8189       -3.8189       
918           918000        -2.6028       -0.035        -2.6378       -2.6378       
919           919000        -3.4176       -0.0582       -3.4758       -3.4758       
920           920000        -3.3984       -0.0379       -3.4363       -3.4363       
921           921000        -4.294        -0.039        -4.333        -4.333        
922           922000        -5.2925       -0.0434       -5.3359       -5.3359       
923           923000        -4.6109       -0.0475       -4.6584       -4.6584       
924           924000        -4.7319       -0.0404       -4.7723       -4.7723       
925           925000        -4.3599       -0.0319       -4.3918       -4.3918       
926           926000        -3.8824       -0.0419       -3.9243       -3.9243       
927           927000        -4.0138       -0.0546       -4.0684       -4.0684       
928           928000        -3.2933       -0.0494       -3.3427       -3.3427       
929           929000        -4.0784       -0.0556       -4.134        -4.134        
930           930000        -3.8499       -0.0446       -3.8945       -3.8945       
931           931000        -5.7376       -0.0521       -5.7897       -5.7897       
932           932000        -3.9991       -0.0435       -4.0426       -4.0426       
933           933000        -4.2305       -0.0476       -4.2781       -4.2781       
934           934000        -5.6795       -0.0745       -5.754        -5.754        
935           935000        -4.1877       -0.0463       -4.234        -4.234        
936           936000        -4.5657       -0.0576       -4.6233       -4.6233       
937           937000        -5.5655       -0.0767       -5.6422       -5.6422       
938           938000        -4.8563       -0.0718       -4.9281       -4.9281       
939           939000        -6.1983       -0.0734       -6.2717       -6.2717       
940           940000        -3.8685       -0.0671       -3.9356       -3.9356       
941           941000        -4.6139       -0.07         -4.6839       -4.6839       
942           942000        -2.9488       -0.0654       -3.0142       -3.0142       
943           943000        -4.0143       -0.0685       -4.0828       -4.0828       
944           944000        -3.6061       -0.0558       -3.6619       -3.6619       
945           945000        -4.0441       -0.0283       -4.0724       -4.0724       
946           946000        -3.9573       -0.0481       -4.0054       -4.0054       
947           947000        -3.9761       -0.0439       -4.02         -4.02         
948           948000        -4.7277       -0.0672       -4.7949       -4.7949       
949           949000        -4.0679       -0.0639       -4.1318       -4.1318       
950           950000        -2.9676       -0.0378       -3.0054       -3.0054       
951           951000        -4.2714       -0.0384       -4.3098       -4.3098       
952           952000        -4.4714       -0.058        -4.5294       -4.5294       
953           953000        -2.6805       -0.0496       -2.7301       -2.7301       
954           954000        -3.0277       -0.0304       -3.0581       -3.0581       
955           955000        -1.9081       -0.0369       -1.945        -1.945        
956           956000        -2.5353       -0.0449       -2.5802       -2.5802       
957           957000        -3.7529       -0.0478       -3.8007       -3.8007       
958           958000        -2.8164       -0.0609       -2.8773       -2.8773       
959           959000        -3.4645       -0.065        -3.5295       -3.5295       
960           960000        -3.0174       -0.0636       -3.081        -3.081        
961           961000        -2.1193       -0.0357       -2.155        -2.155        
962           962000        -3.5774       -0.043        -3.6204       -3.6204       
963           963000        -2.8893       -0.0418       -2.9311       -2.9311       
964           964000        -3.6358       -0.074        -3.7098       -3.7098       
965           965000        -2.9245       -0.0562       -2.9807       -2.9807       
966           966000        -2.6773       -0.0882       -2.7655       -2.7655       
967           967000        -3.4821       -0.0931       -3.5752       -3.5752       
968           968000        -3.5901       -0.0519       -3.642        -3.642        
969           969000        -3.117        -0.0384       -3.1554       -3.1554       
970           970000        -3.6433       -0.0523       -3.6956       -3.6956       
971           971000        -2.4902       -0.0434       -2.5336       -2.5336       
972           972000        -2.6998       -0.0619       -2.7617       -2.7617       
973           973000        -2.6735       -0.0548       -2.7283       -2.7283       
974           974000        -3.5826       -0.0666       -3.6492       -3.6492       
975           975000        -2.9107       -0.0542       -2.9649       -2.9649       
976           976000        -2.7144       -0.0754       -2.7898       -2.7898       
977           977000        -3.541        -0.0822       -3.6232       -3.6232       
978           978000        -3.2327       -0.0515       -3.2842       -3.2842       
979           979000        -3.3809       -0.0519       -3.4328       -3.4328       
980           980000        -2.4877       -0.0491       -2.5368       -2.5368       
981           981000        -3.1059       -0.0511       -3.157        -3.157        
982           982000        -3.2001       -0.0478       -3.2479       -3.2479       
983           983000        -3.0832       -0.0451       -3.1283       -3.1283       
984           984000        -2.1496       -0.039        -2.1886       -2.1886       
985           985000        -1.7821       -0.06         -1.8421       -1.8421       
986           986000        -2.0475       -0.0527       -2.1002       -2.1002       
987           987000        -1.0607       -0.0432       -1.1039       -1.1039       
988           988000        -2.3543       -0.0578       -2.4121       -2.4121       
989           989000        -0.9554       -0.0484       -1.0038       -1.0038       
990           990000        -0.4962       -0.0324       -0.5286       -0.5286       
991           991000        -2.2503       -0.0687       -2.319        -2.319        
992           992000        -0.7685       -0.0408       -0.8093       -0.8093       
993           993000        -2.3404       -0.0586       -2.399        -2.399        
994           994000        -3.4076       -0.0554       -3.463        -3.463        
995           995000        -2.9897       -0.054        -3.0437       -3.0437       
996           996000        -2.854        -0.0617       -2.9157       -2.9157       
997           997000        -2.8322       -0.0622       -2.8944       -2.8944       
998           998000        -3.7978       -0.0696       -3.8674       -3.8674       
999           999000        -4.8203       -0.0709       -4.8912       -4.8912       
