IMPROPER 24 35 27 29 $FC -120.0
DIHEDRAL 59 62 64 66 $FC  0.0
IMPROPER 158 169 161 163 $FC -120.0
DIHEDRAL 193 196 198 200 $FC  0.0
IMPROPER 292 303 295 297 $FC -120.0
DIHEDRAL 327 330 332 334 $FC  0.0
IMPROPER 426 437 429 431 $FC -120.0
DIHEDRAL 461 464 466 468 $FC  0.0
IMPROPER 560 571 563 565 $FC -120.0
DIHEDRAL 595 598 600 602 $FC  0.0
IMPROPER 694 705 697 699 $FC -120.0
DIHEDRAL 729 732 734 736 $FC  0.0
IMPROPER 828 839 831 833 $FC -120.0
DIHEDRAL 863 866 868 870 $FC  0.0
IMPROPER 962 973 965 967 $FC -120.0
DIHEDRAL 997 1000 1002 1004 $FC  0.0
IMPROPER 1096 1107 1099 1101 $FC -120.0
DIHEDRAL 1131 1134 1136 1138 $FC  0.0
IMPROPER 1230 1241 1233 1235 $FC -120.0
DIHEDRAL 1265 1268 1270 1272 $FC  0.0
IMPROPER 1364 1375 1367 1369 $FC -120.0
DIHEDRAL 1399 1402 1404 1406 $FC  0.0
IMPROPER 1498 1509 1501 1503 $FC -120.0
DIHEDRAL 1533 1536 1538 1540 $FC  0.0
IMPROPER 1632 1643 1635 1637 $FC -120.0
DIHEDRAL 1667 1670 1672 1674 $FC  0.0
IMPROPER 1766 1777 1769 1771 $FC -120.0
DIHEDRAL 1801 1804 1806 1808 $FC  0.0
IMPROPER 1900 1911 1903 1905 $FC -120.0
DIHEDRAL 1935 1938 1940 1942 $FC  0.0
IMPROPER 2034 2045 2037 2039 $FC -120.0
DIHEDRAL 2069 2072 2074 2076 $FC  0.0
IMPROPER 2168 2179 2171 2173 $FC -120.0
DIHEDRAL 2203 2206 2208 2210 $FC  0.0
IMPROPER 2302 2313 2305 2307 $FC -120.0
DIHEDRAL 2337 2340 2342 2344 $FC  0.0
IMPROPER 2436 2447 2439 2441 $FC -120.0
DIHEDRAL 2471 2474 2476 2478 $FC  0.0
IMPROPER 2570 2581 2573 2575 $FC -120.0
DIHEDRAL 2605 2608 2610 2612 $FC  0.0
